Welcome to Rick Boshae's Feature Selection Algorithm.
Type in the name of the file to test : large_dataset/cs_170_large57.txt
File successfully opened.
Type the number of the algorithm you want me to run.
	1) Forward Selection
	2) Backward Elimination
	3) Rick's Special Algorithm
2
This dataset has 40 features (not including the class attributes), with 1000 instances.

Please wait while I normalize the data...(under construction)

Running nearest neighbor with all 40 features, using "leave-one-out" evaluation, I get an accuracy of 66.8%

Backward Elimination selected.
	Initial feature(s) {1,2,3,4,5,6,7,8,9,10,11,12,13,14,15,16,17,18,19,20,21,22,23,24,25,26,27,28,29,30,31,32,33,34,35,36,37,38,39,40} accuracy is 66.8%

	Using feature(s) {2,3,4,5,6,7,8,9,10,11,12,13,14,15,16,17,18,19,20,21,22,23,24,25,26,27,28,29,30,31,32,33,34,35,36,37,38,39,40} accuracy is 66.8%
	Using feature(s) {1,3,4,5,6,7,8,9,10,11,12,13,14,15,16,17,18,19,20,21,22,23,24,25,26,27,28,29,30,31,32,33,34,35,36,37,38,39,40} accuracy is 68%
	Using feature(s) {1,2,4,5,6,7,8,9,10,11,12,13,14,15,16,17,18,19,20,21,22,23,24,25,26,27,28,29,30,31,32,33,34,35,36,37,38,39,40} accuracy is 67.5%
	Using feature(s) {1,2,3,5,6,7,8,9,10,11,12,13,14,15,16,17,18,19,20,21,22,23,24,25,26,27,28,29,30,31,32,33,34,35,36,37,38,39,40} accuracy is 67.2%
	Using feature(s) {1,2,3,4,6,7,8,9,10,11,12,13,14,15,16,17,18,19,20,21,22,23,24,25,26,27,28,29,30,31,32,33,34,35,36,37,38,39,40} accuracy is 67%
	Using feature(s) {1,2,3,4,5,7,8,9,10,11,12,13,14,15,16,17,18,19,20,21,22,23,24,25,26,27,28,29,30,31,32,33,34,35,36,37,38,39,40} accuracy is 67.7%
	Using feature(s) {1,2,3,4,5,6,8,9,10,11,12,13,14,15,16,17,18,19,20,21,22,23,24,25,26,27,28,29,30,31,32,33,34,35,36,37,38,39,40} accuracy is 68.7%
	Using feature(s) {1,2,3,4,5,6,7,9,10,11,12,13,14,15,16,17,18,19,20,21,22,23,24,25,26,27,28,29,30,31,32,33,34,35,36,37,38,39,40} accuracy is 66.4%
	Using feature(s) {1,2,3,4,5,6,7,8,10,11,12,13,14,15,16,17,18,19,20,21,22,23,24,25,26,27,28,29,30,31,32,33,34,35,36,37,38,39,40} accuracy is 66.3%
	Using feature(s) {1,2,3,4,5,6,7,8,9,11,12,13,14,15,16,17,18,19,20,21,22,23,24,25,26,27,28,29,30,31,32,33,34,35,36,37,38,39,40} accuracy is 67.7%
	Using feature(s) {1,2,3,4,5,6,7,8,9,10,12,13,14,15,16,17,18,19,20,21,22,23,24,25,26,27,28,29,30,31,32,33,34,35,36,37,38,39,40} accuracy is 67%
	Using feature(s) {1,2,3,4,5,6,7,8,9,10,11,13,14,15,16,17,18,19,20,21,22,23,24,25,26,27,28,29,30,31,32,33,34,35,36,37,38,39,40} accuracy is 66.8%
	Using feature(s) {1,2,3,4,5,6,7,8,9,10,11,12,14,15,16,17,18,19,20,21,22,23,24,25,26,27,28,29,30,31,32,33,34,35,36,37,38,39,40} accuracy is 66.8%
	Using feature(s) {1,2,3,4,5,6,7,8,9,10,11,12,13,15,16,17,18,19,20,21,22,23,24,25,26,27,28,29,30,31,32,33,34,35,36,37,38,39,40} accuracy is 67.4%
	Using feature(s) {1,2,3,4,5,6,7,8,9,10,11,12,13,14,16,17,18,19,20,21,22,23,24,25,26,27,28,29,30,31,32,33,34,35,36,37,38,39,40} accuracy is 67.2%
	Using feature(s) {1,2,3,4,5,6,7,8,9,10,11,12,13,14,15,17,18,19,20,21,22,23,24,25,26,27,28,29,30,31,32,33,34,35,36,37,38,39,40} accuracy is 67.4%
	Using feature(s) {1,2,3,4,5,6,7,8,9,10,11,12,13,14,15,16,18,19,20,21,22,23,24,25,26,27,28,29,30,31,32,33,34,35,36,37,38,39,40} accuracy is 65.3%
	Using feature(s) {1,2,3,4,5,6,7,8,9,10,11,12,13,14,15,16,17,19,20,21,22,23,24,25,26,27,28,29,30,31,32,33,34,35,36,37,38,39,40} accuracy is 66.5%
	Using feature(s) {1,2,3,4,5,6,7,8,9,10,11,12,13,14,15,16,17,18,20,21,22,23,24,25,26,27,28,29,30,31,32,33,34,35,36,37,38,39,40} accuracy is 66%
	Using feature(s) {1,2,3,4,5,6,7,8,9,10,11,12,13,14,15,16,17,18,19,21,22,23,24,25,26,27,28,29,30,31,32,33,34,35,36,37,38,39,40} accuracy is 66.1%
	Using feature(s) {1,2,3,4,5,6,7,8,9,10,11,12,13,14,15,16,17,18,19,20,22,23,24,25,26,27,28,29,30,31,32,33,34,35,36,37,38,39,40} accuracy is 66.3%
	Using feature(s) {1,2,3,4,5,6,7,8,9,10,11,12,13,14,15,16,17,18,19,20,21,23,24,25,26,27,28,29,30,31,32,33,34,35,36,37,38,39,40} accuracy is 68.5%
	Using feature(s) {1,2,3,4,5,6,7,8,9,10,11,12,13,14,15,16,17,18,19,20,21,22,24,25,26,27,28,29,30,31,32,33,34,35,36,37,38,39,40} accuracy is 66.8%
	Using feature(s) {1,2,3,4,5,6,7,8,9,10,11,12,13,14,15,16,17,18,19,20,21,22,23,25,26,27,28,29,30,31,32,33,34,35,36,37,38,39,40} accuracy is 67.8%
	Using feature(s) {1,2,3,4,5,6,7,8,9,10,11,12,13,14,15,16,17,18,19,20,21,22,23,24,26,27,28,29,30,31,32,33,34,35,36,37,38,39,40} accuracy is 67.8%
	Using feature(s) {1,2,3,4,5,6,7,8,9,10,11,12,13,14,15,16,17,18,19,20,21,22,23,24,25,27,28,29,30,31,32,33,34,35,36,37,38,39,40} accuracy is 67.8%
	Using feature(s) {1,2,3,4,5,6,7,8,9,10,11,12,13,14,15,16,17,18,19,20,21,22,23,24,25,26,28,29,30,31,32,33,34,35,36,37,38,39,40} accuracy is 68.1%
	Using feature(s) {1,2,3,4,5,6,7,8,9,10,11,12,13,14,15,16,17,18,19,20,21,22,23,24,25,26,27,29,30,31,32,33,34,35,36,37,38,39,40} accuracy is 67.1%
	Using feature(s) {1,2,3,4,5,6,7,8,9,10,11,12,13,14,15,16,17,18,19,20,21,22,23,24,25,26,27,28,30,31,32,33,34,35,36,37,38,39,40} accuracy is 66.8%
	Using feature(s) {1,2,3,4,5,6,7,8,9,10,11,12,13,14,15,16,17,18,19,20,21,22,23,24,25,26,27,28,29,31,32,33,34,35,36,37,38,39,40} accuracy is 69.1%
	Using feature(s) {1,2,3,4,5,6,7,8,9,10,11,12,13,14,15,16,17,18,19,20,21,22,23,24,25,26,27,28,29,30,32,33,34,35,36,37,38,39,40} accuracy is 67.4%
	Using feature(s) {1,2,3,4,5,6,7,8,9,10,11,12,13,14,15,16,17,18,19,20,21,22,23,24,25,26,27,28,29,30,31,33,34,35,36,37,38,39,40} accuracy is 66.3%
	Using feature(s) {1,2,3,4,5,6,7,8,9,10,11,12,13,14,15,16,17,18,19,20,21,22,23,24,25,26,27,28,29,30,31,32,34,35,36,37,38,39,40} accuracy is 66.5%
	Using feature(s) {1,2,3,4,5,6,7,8,9,10,11,12,13,14,15,16,17,18,19,20,21,22,23,24,25,26,27,28,29,30,31,32,33,35,36,37,38,39,40} accuracy is 67.2%
	Using feature(s) {1,2,3,4,5,6,7,8,9,10,11,12,13,14,15,16,17,18,19,20,21,22,23,24,25,26,27,28,29,30,31,32,33,34,36,37,38,39,40} accuracy is 66.1%
	Using feature(s) {1,2,3,4,5,6,7,8,9,10,11,12,13,14,15,16,17,18,19,20,21,22,23,24,25,26,27,28,29,30,31,32,33,34,35,37,38,39,40} accuracy is 67.5%
	Using feature(s) {1,2,3,4,5,6,7,8,9,10,11,12,13,14,15,16,17,18,19,20,21,22,23,24,25,26,27,28,29,30,31,32,33,34,35,36,38,39,40} accuracy is 68.7%
	Using feature(s) {1,2,3,4,5,6,7,8,9,10,11,12,13,14,15,16,17,18,19,20,21,22,23,24,25,26,27,28,29,30,31,32,33,34,35,36,37,39,40} accuracy is 67.6%
	Using feature(s) {1,2,3,4,5,6,7,8,9,10,11,12,13,14,15,16,17,18,19,20,21,22,23,24,25,26,27,28,29,30,31,32,33,34,35,36,37,38,40} accuracy is 65.8%
	Using feature(s) {1,2,3,4,5,6,7,8,9,10,11,12,13,14,15,16,17,18,19,20,21,22,23,24,25,26,27,28,29,30,31,32,33,34,35,36,37,38,39} accuracy is 66.6%

Feature set {1,2,3,4,5,6,7,8,9,10,11,12,13,14,15,16,17,18,19,20,21,22,23,24,25,26,27,28,29,31,32,33,34,35,36,37,38,39,40} was best, accuracy is 69.1%

	Using feature(s) {2,3,4,5,6,7,8,9,10,11,12,13,14,15,16,17,18,19,20,21,22,23,24,25,26,27,28,29,31,32,33,34,35,36,37,38,39,40} accuracy is 69%
	Using feature(s) {1,3,4,5,6,7,8,9,10,11,12,13,14,15,16,17,18,19,20,21,22,23,24,25,26,27,28,29,31,32,33,34,35,36,37,38,39,40} accuracy is 69.3%
	Using feature(s) {1,2,4,5,6,7,8,9,10,11,12,13,14,15,16,17,18,19,20,21,22,23,24,25,26,27,28,29,31,32,33,34,35,36,37,38,39,40} accuracy is 67.9%
	Using feature(s) {1,2,3,5,6,7,8,9,10,11,12,13,14,15,16,17,18,19,20,21,22,23,24,25,26,27,28,29,31,32,33,34,35,36,37,38,39,40} accuracy is 67.7%
	Using feature(s) {1,2,3,4,6,7,8,9,10,11,12,13,14,15,16,17,18,19,20,21,22,23,24,25,26,27,28,29,31,32,33,34,35,36,37,38,39,40} accuracy is 68.3%
	Using feature(s) {1,2,3,4,5,7,8,9,10,11,12,13,14,15,16,17,18,19,20,21,22,23,24,25,26,27,28,29,31,32,33,34,35,36,37,38,39,40} accuracy is 68.5%
	Using feature(s) {1,2,3,4,5,6,8,9,10,11,12,13,14,15,16,17,18,19,20,21,22,23,24,25,26,27,28,29,31,32,33,34,35,36,37,38,39,40} accuracy is 69.7%
	Using feature(s) {1,2,3,4,5,6,7,9,10,11,12,13,14,15,16,17,18,19,20,21,22,23,24,25,26,27,28,29,31,32,33,34,35,36,37,38,39,40} accuracy is 67.3%
	Using feature(s) {1,2,3,4,5,6,7,8,10,11,12,13,14,15,16,17,18,19,20,21,22,23,24,25,26,27,28,29,31,32,33,34,35,36,37,38,39,40} accuracy is 68%
	Using feature(s) {1,2,3,4,5,6,7,8,9,11,12,13,14,15,16,17,18,19,20,21,22,23,24,25,26,27,28,29,31,32,33,34,35,36,37,38,39,40} accuracy is 69.5%
	Using feature(s) {1,2,3,4,5,6,7,8,9,10,12,13,14,15,16,17,18,19,20,21,22,23,24,25,26,27,28,29,31,32,33,34,35,36,37,38,39,40} accuracy is 68.4%
	Using feature(s) {1,2,3,4,5,6,7,8,9,10,11,13,14,15,16,17,18,19,20,21,22,23,24,25,26,27,28,29,31,32,33,34,35,36,37,38,39,40} accuracy is 67.5%
	Using feature(s) {1,2,3,4,5,6,7,8,9,10,11,12,14,15,16,17,18,19,20,21,22,23,24,25,26,27,28,29,31,32,33,34,35,36,37,38,39,40} accuracy is 66.8%
	Using feature(s) {1,2,3,4,5,6,7,8,9,10,11,12,13,15,16,17,18,19,20,21,22,23,24,25,26,27,28,29,31,32,33,34,35,36,37,38,39,40} accuracy is 68.8%
	Using feature(s) {1,2,3,4,5,6,7,8,9,10,11,12,13,14,16,17,18,19,20,21,22,23,24,25,26,27,28,29,31,32,33,34,35,36,37,38,39,40} accuracy is 69.8%
	Using feature(s) {1,2,3,4,5,6,7,8,9,10,11,12,13,14,15,17,18,19,20,21,22,23,24,25,26,27,28,29,31,32,33,34,35,36,37,38,39,40} accuracy is 68.2%
	Using feature(s) {1,2,3,4,5,6,7,8,9,10,11,12,13,14,15,16,18,19,20,21,22,23,24,25,26,27,28,29,31,32,33,34,35,36,37,38,39,40} accuracy is 67.9%
	Using feature(s) {1,2,3,4,5,6,7,8,9,10,11,12,13,14,15,16,17,19,20,21,22,23,24,25,26,27,28,29,31,32,33,34,35,36,37,38,39,40} accuracy is 67.6%
	Using feature(s) {1,2,3,4,5,6,7,8,9,10,11,12,13,14,15,16,17,18,20,21,22,23,24,25,26,27,28,29,31,32,33,34,35,36,37,38,39,40} accuracy is 66.3%
	Using feature(s) {1,2,3,4,5,6,7,8,9,10,11,12,13,14,15,16,17,18,19,21,22,23,24,25,26,27,28,29,31,32,33,34,35,36,37,38,39,40} accuracy is 67.5%
	Using feature(s) {1,2,3,4,5,6,7,8,9,10,11,12,13,14,15,16,17,18,19,20,22,23,24,25,26,27,28,29,31,32,33,34,35,36,37,38,39,40} accuracy is 67.4%
	Using feature(s) {1,2,3,4,5,6,7,8,9,10,11,12,13,14,15,16,17,18,19,20,21,23,24,25,26,27,28,29,31,32,33,34,35,36,37,38,39,40} accuracy is 67.7%
	Using feature(s) {1,2,3,4,5,6,7,8,9,10,11,12,13,14,15,16,17,18,19,20,21,22,24,25,26,27,28,29,31,32,33,34,35,36,37,38,39,40} accuracy is 68.5%
	Using feature(s) {1,2,3,4,5,6,7,8,9,10,11,12,13,14,15,16,17,18,19,20,21,22,23,25,26,27,28,29,31,32,33,34,35,36,37,38,39,40} accuracy is 68.8%
	Using feature(s) {1,2,3,4,5,6,7,8,9,10,11,12,13,14,15,16,17,18,19,20,21,22,23,24,26,27,28,29,31,32,33,34,35,36,37,38,39,40} accuracy is 68%
	Using feature(s) {1,2,3,4,5,6,7,8,9,10,11,12,13,14,15,16,17,18,19,20,21,22,23,24,25,27,28,29,31,32,33,34,35,36,37,38,39,40} accuracy is 69.3%
	Using feature(s) {1,2,3,4,5,6,7,8,9,10,11,12,13,14,15,16,17,18,19,20,21,22,23,24,25,26,28,29,31,32,33,34,35,36,37,38,39,40} accuracy is 68.5%
	Using feature(s) {1,2,3,4,5,6,7,8,9,10,11,12,13,14,15,16,17,18,19,20,21,22,23,24,25,26,27,29,31,32,33,34,35,36,37,38,39,40} accuracy is 68.3%
	Using feature(s) {1,2,3,4,5,6,7,8,9,10,11,12,13,14,15,16,17,18,19,20,21,22,23,24,25,26,27,28,31,32,33,34,35,36,37,38,39,40} accuracy is 68.2%
	Using feature(s) {1,2,3,4,5,6,7,8,9,10,11,12,13,14,15,16,17,18,19,20,21,22,23,24,25,26,27,28,29,32,33,34,35,36,37,38,39,40} accuracy is 68.4%
	Using feature(s) {1,2,3,4,5,6,7,8,9,10,11,12,13,14,15,16,17,18,19,20,21,22,23,24,25,26,27,28,29,31,33,34,35,36,37,38,39,40} accuracy is 67.5%
	Using feature(s) {1,2,3,4,5,6,7,8,9,10,11,12,13,14,15,16,17,18,19,20,21,22,23,24,25,26,27,28,29,31,32,34,35,36,37,38,39,40} accuracy is 67.1%
	Using feature(s) {1,2,3,4,5,6,7,8,9,10,11,12,13,14,15,16,17,18,19,20,21,22,23,24,25,26,27,28,29,31,32,33,35,36,37,38,39,40} accuracy is 68.6%
	Using feature(s) {1,2,3,4,5,6,7,8,9,10,11,12,13,14,15,16,17,18,19,20,21,22,23,24,25,26,27,28,29,31,32,33,34,36,37,38,39,40} accuracy is 67.4%
	Using feature(s) {1,2,3,4,5,6,7,8,9,10,11,12,13,14,15,16,17,18,19,20,21,22,23,24,25,26,27,28,29,31,32,33,34,35,37,38,39,40} accuracy is 68.5%
	Using feature(s) {1,2,3,4,5,6,7,8,9,10,11,12,13,14,15,16,17,18,19,20,21,22,23,24,25,26,27,28,29,31,32,33,34,35,36,38,39,40} accuracy is 69.8%
	Using feature(s) {1,2,3,4,5,6,7,8,9,10,11,12,13,14,15,16,17,18,19,20,21,22,23,24,25,26,27,28,29,31,32,33,34,35,36,37,39,40} accuracy is 67.9%
	Using feature(s) {1,2,3,4,5,6,7,8,9,10,11,12,13,14,15,16,17,18,19,20,21,22,23,24,25,26,27,28,29,31,32,33,34,35,36,37,38,40} accuracy is 67.5%
	Using feature(s) {1,2,3,4,5,6,7,8,9,10,11,12,13,14,15,16,17,18,19,20,21,22,23,24,25,26,27,28,29,31,32,33,34,35,36,37,38,39} accuracy is 68.2%

Feature set {1,2,3,4,5,6,7,8,9,10,11,12,13,14,16,17,18,19,20,21,22,23,24,25,26,27,28,29,31,32,33,34,35,36,37,38,39,40} was best, accuracy is 69.8%

	Using feature(s) {2,3,4,5,6,7,8,9,10,11,12,13,14,16,17,18,19,20,21,22,23,24,25,26,27,28,29,31,32,33,34,35,36,37,38,39,40} accuracy is 69.4%
	Using feature(s) {1,3,4,5,6,7,8,9,10,11,12,13,14,16,17,18,19,20,21,22,23,24,25,26,27,28,29,31,32,33,34,35,36,37,38,39,40} accuracy is 69.3%
	Using feature(s) {1,2,4,5,6,7,8,9,10,11,12,13,14,16,17,18,19,20,21,22,23,24,25,26,27,28,29,31,32,33,34,35,36,37,38,39,40} accuracy is 67.6%
	Using feature(s) {1,2,3,5,6,7,8,9,10,11,12,13,14,16,17,18,19,20,21,22,23,24,25,26,27,28,29,31,32,33,34,35,36,37,38,39,40} accuracy is 67.3%
	Using feature(s) {1,2,3,4,6,7,8,9,10,11,12,13,14,16,17,18,19,20,21,22,23,24,25,26,27,28,29,31,32,33,34,35,36,37,38,39,40} accuracy is 68.1%
	Using feature(s) {1,2,3,4,5,7,8,9,10,11,12,13,14,16,17,18,19,20,21,22,23,24,25,26,27,28,29,31,32,33,34,35,36,37,38,39,40} accuracy is 68.2%
	Using feature(s) {1,2,3,4,5,6,8,9,10,11,12,13,14,16,17,18,19,20,21,22,23,24,25,26,27,28,29,31,32,33,34,35,36,37,38,39,40} accuracy is 69.2%
	Using feature(s) {1,2,3,4,5,6,7,9,10,11,12,13,14,16,17,18,19,20,21,22,23,24,25,26,27,28,29,31,32,33,34,35,36,37,38,39,40} accuracy is 67%
	Using feature(s) {1,2,3,4,5,6,7,8,10,11,12,13,14,16,17,18,19,20,21,22,23,24,25,26,27,28,29,31,32,33,34,35,36,37,38,39,40} accuracy is 69.6%
	Using feature(s) {1,2,3,4,5,6,7,8,9,11,12,13,14,16,17,18,19,20,21,22,23,24,25,26,27,28,29,31,32,33,34,35,36,37,38,39,40} accuracy is 68.6%
	Using feature(s) {1,2,3,4,5,6,7,8,9,10,12,13,14,16,17,18,19,20,21,22,23,24,25,26,27,28,29,31,32,33,34,35,36,37,38,39,40} accuracy is 69.9%
	Using feature(s) {1,2,3,4,5,6,7,8,9,10,11,13,14,16,17,18,19,20,21,22,23,24,25,26,27,28,29,31,32,33,34,35,36,37,38,39,40} accuracy is 67.5%
	Using feature(s) {1,2,3,4,5,6,7,8,9,10,11,12,14,16,17,18,19,20,21,22,23,24,25,26,27,28,29,31,32,33,34,35,36,37,38,39,40} accuracy is 67.9%
	Using feature(s) {1,2,3,4,5,6,7,8,9,10,11,12,13,16,17,18,19,20,21,22,23,24,25,26,27,28,29,31,32,33,34,35,36,37,38,39,40} accuracy is 70.2%
	Using feature(s) {1,2,3,4,5,6,7,8,9,10,11,12,13,14,17,18,19,20,21,22,23,24,25,26,27,28,29,31,32,33,34,35,36,37,38,39,40} accuracy is 68.2%
	Using feature(s) {1,2,3,4,5,6,7,8,9,10,11,12,13,14,16,18,19,20,21,22,23,24,25,26,27,28,29,31,32,33,34,35,36,37,38,39,40} accuracy is 68.5%
	Using feature(s) {1,2,3,4,5,6,7,8,9,10,11,12,13,14,16,17,19,20,21,22,23,24,25,26,27,28,29,31,32,33,34,35,36,37,38,39,40} accuracy is 67.3%
	Using feature(s) {1,2,3,4,5,6,7,8,9,10,11,12,13,14,16,17,18,20,21,22,23,24,25,26,27,28,29,31,32,33,34,35,36,37,38,39,40} accuracy is 67.4%
	Using feature(s) {1,2,3,4,5,6,7,8,9,10,11,12,13,14,16,17,18,19,21,22,23,24,25,26,27,28,29,31,32,33,34,35,36,37,38,39,40} accuracy is 69%
	Using feature(s) {1,2,3,4,5,6,7,8,9,10,11,12,13,14,16,17,18,19,20,22,23,24,25,26,27,28,29,31,32,33,34,35,36,37,38,39,40} accuracy is 68.1%
	Using feature(s) {1,2,3,4,5,6,7,8,9,10,11,12,13,14,16,17,18,19,20,21,23,24,25,26,27,28,29,31,32,33,34,35,36,37,38,39,40} accuracy is 68.6%
	Using feature(s) {1,2,3,4,5,6,7,8,9,10,11,12,13,14,16,17,18,19,20,21,22,24,25,26,27,28,29,31,32,33,34,35,36,37,38,39,40} accuracy is 69.3%
	Using feature(s) {1,2,3,4,5,6,7,8,9,10,11,12,13,14,16,17,18,19,20,21,22,23,25,26,27,28,29,31,32,33,34,35,36,37,38,39,40} accuracy is 69.7%
	Using feature(s) {1,2,3,4,5,6,7,8,9,10,11,12,13,14,16,17,18,19,20,21,22,23,24,26,27,28,29,31,32,33,34,35,36,37,38,39,40} accuracy is 68.4%
	Using feature(s) {1,2,3,4,5,6,7,8,9,10,11,12,13,14,16,17,18,19,20,21,22,23,24,25,27,28,29,31,32,33,34,35,36,37,38,39,40} accuracy is 70.4%
	Using feature(s) {1,2,3,4,5,6,7,8,9,10,11,12,13,14,16,17,18,19,20,21,22,23,24,25,26,28,29,31,32,33,34,35,36,37,38,39,40} accuracy is 68.8%
	Using feature(s) {1,2,3,4,5,6,7,8,9,10,11,12,13,14,16,17,18,19,20,21,22,23,24,25,26,27,29,31,32,33,34,35,36,37,38,39,40} accuracy is 68.9%
	Using feature(s) {1,2,3,4,5,6,7,8,9,10,11,12,13,14,16,17,18,19,20,21,22,23,24,25,26,27,28,31,32,33,34,35,36,37,38,39,40} accuracy is 68.6%
	Using feature(s) {1,2,3,4,5,6,7,8,9,10,11,12,13,14,16,17,18,19,20,21,22,23,24,25,26,27,28,29,32,33,34,35,36,37,38,39,40} accuracy is 68.4%
	Using feature(s) {1,2,3,4,5,6,7,8,9,10,11,12,13,14,16,17,18,19,20,21,22,23,24,25,26,27,28,29,31,33,34,35,36,37,38,39,40} accuracy is 67%
	Using feature(s) {1,2,3,4,5,6,7,8,9,10,11,12,13,14,16,17,18,19,20,21,22,23,24,25,26,27,28,29,31,32,34,35,36,37,38,39,40} accuracy is 67.8%
	Using feature(s) {1,2,3,4,5,6,7,8,9,10,11,12,13,14,16,17,18,19,20,21,22,23,24,25,26,27,28,29,31,32,33,35,36,37,38,39,40} accuracy is 67.5%
	Using feature(s) {1,2,3,4,5,6,7,8,9,10,11,12,13,14,16,17,18,19,20,21,22,23,24,25,26,27,28,29,31,32,33,34,36,37,38,39,40} accuracy is 68.5%
	Using feature(s) {1,2,3,4,5,6,7,8,9,10,11,12,13,14,16,17,18,19,20,21,22,23,24,25,26,27,28,29,31,32,33,34,35,37,38,39,40} accuracy is 68.8%
	Using feature(s) {1,2,3,4,5,6,7,8,9,10,11,12,13,14,16,17,18,19,20,21,22,23,24,25,26,27,28,29,31,32,33,34,35,36,38,39,40} accuracy is 70.7%
	Using feature(s) {1,2,3,4,5,6,7,8,9,10,11,12,13,14,16,17,18,19,20,21,22,23,24,25,26,27,28,29,31,32,33,34,35,36,37,39,40} accuracy is 68.5%
	Using feature(s) {1,2,3,4,5,6,7,8,9,10,11,12,13,14,16,17,18,19,20,21,22,23,24,25,26,27,28,29,31,32,33,34,35,36,37,38,40} accuracy is 69.4%
	Using feature(s) {1,2,3,4,5,6,7,8,9,10,11,12,13,14,16,17,18,19,20,21,22,23,24,25,26,27,28,29,31,32,33,34,35,36,37,38,39} accuracy is 70.1%

Feature set {1,2,3,4,5,6,7,8,9,10,11,12,13,14,16,17,18,19,20,21,22,23,24,25,26,27,28,29,31,32,33,34,35,36,38,39,40} was best, accuracy is 70.7%

	Using feature(s) {2,3,4,5,6,7,8,9,10,11,12,13,14,16,17,18,19,20,21,22,23,24,25,26,27,28,29,31,32,33,34,35,36,38,39,40} accuracy is 69.8%
	Using feature(s) {1,3,4,5,6,7,8,9,10,11,12,13,14,16,17,18,19,20,21,22,23,24,25,26,27,28,29,31,32,33,34,35,36,38,39,40} accuracy is 70.1%
	Using feature(s) {1,2,4,5,6,7,8,9,10,11,12,13,14,16,17,18,19,20,21,22,23,24,25,26,27,28,29,31,32,33,34,35,36,38,39,40} accuracy is 68.8%
	Using feature(s) {1,2,3,5,6,7,8,9,10,11,12,13,14,16,17,18,19,20,21,22,23,24,25,26,27,28,29,31,32,33,34,35,36,38,39,40} accuracy is 67.9%
	Using feature(s) {1,2,3,4,6,7,8,9,10,11,12,13,14,16,17,18,19,20,21,22,23,24,25,26,27,28,29,31,32,33,34,35,36,38,39,40} accuracy is 70%
	Using feature(s) {1,2,3,4,5,7,8,9,10,11,12,13,14,16,17,18,19,20,21,22,23,24,25,26,27,28,29,31,32,33,34,35,36,38,39,40} accuracy is 70.6%
	Using feature(s) {1,2,3,4,5,6,8,9,10,11,12,13,14,16,17,18,19,20,21,22,23,24,25,26,27,28,29,31,32,33,34,35,36,38,39,40} accuracy is 71.2%
	Using feature(s) {1,2,3,4,5,6,7,9,10,11,12,13,14,16,17,18,19,20,21,22,23,24,25,26,27,28,29,31,32,33,34,35,36,38,39,40} accuracy is 68.7%
	Using feature(s) {1,2,3,4,5,6,7,8,10,11,12,13,14,16,17,18,19,20,21,22,23,24,25,26,27,28,29,31,32,33,34,35,36,38,39,40} accuracy is 70.6%
	Using feature(s) {1,2,3,4,5,6,7,8,9,11,12,13,14,16,17,18,19,20,21,22,23,24,25,26,27,28,29,31,32,33,34,35,36,38,39,40} accuracy is 70.5%
	Using feature(s) {1,2,3,4,5,6,7,8,9,10,12,13,14,16,17,18,19,20,21,22,23,24,25,26,27,28,29,31,32,33,34,35,36,38,39,40} accuracy is 70.2%
	Using feature(s) {1,2,3,4,5,6,7,8,9,10,11,13,14,16,17,18,19,20,21,22,23,24,25,26,27,28,29,31,32,33,34,35,36,38,39,40} accuracy is 70.5%
	Using feature(s) {1,2,3,4,5,6,7,8,9,10,11,12,14,16,17,18,19,20,21,22,23,24,25,26,27,28,29,31,32,33,34,35,36,38,39,40} accuracy is 70%
	Using feature(s) {1,2,3,4,5,6,7,8,9,10,11,12,13,16,17,18,19,20,21,22,23,24,25,26,27,28,29,31,32,33,34,35,36,38,39,40} accuracy is 70.8%
	Using feature(s) {1,2,3,4,5,6,7,8,9,10,11,12,13,14,17,18,19,20,21,22,23,24,25,26,27,28,29,31,32,33,34,35,36,38,39,40} accuracy is 70.6%
	Using feature(s) {1,2,3,4,5,6,7,8,9,10,11,12,13,14,16,18,19,20,21,22,23,24,25,26,27,28,29,31,32,33,34,35,36,38,39,40} accuracy is 69.5%
	Using feature(s) {1,2,3,4,5,6,7,8,9,10,11,12,13,14,16,17,19,20,21,22,23,24,25,26,27,28,29,31,32,33,34,35,36,38,39,40} accuracy is 69.5%
	Using feature(s) {1,2,3,4,5,6,7,8,9,10,11,12,13,14,16,17,18,20,21,22,23,24,25,26,27,28,29,31,32,33,34,35,36,38,39,40} accuracy is 69.1%
	Using feature(s) {1,2,3,4,5,6,7,8,9,10,11,12,13,14,16,17,18,19,21,22,23,24,25,26,27,28,29,31,32,33,34,35,36,38,39,40} accuracy is 70.2%
	Using feature(s) {1,2,3,4,5,6,7,8,9,10,11,12,13,14,16,17,18,19,20,22,23,24,25,26,27,28,29,31,32,33,34,35,36,38,39,40} accuracy is 69.2%
	Using feature(s) {1,2,3,4,5,6,7,8,9,10,11,12,13,14,16,17,18,19,20,21,23,24,25,26,27,28,29,31,32,33,34,35,36,38,39,40} accuracy is 69.6%
	Using feature(s) {1,2,3,4,5,6,7,8,9,10,11,12,13,14,16,17,18,19,20,21,22,24,25,26,27,28,29,31,32,33,34,35,36,38,39,40} accuracy is 71.6%
	Using feature(s) {1,2,3,4,5,6,7,8,9,10,11,12,13,14,16,17,18,19,20,21,22,23,25,26,27,28,29,31,32,33,34,35,36,38,39,40} accuracy is 70.5%
	Using feature(s) {1,2,3,4,5,6,7,8,9,10,11,12,13,14,16,17,18,19,20,21,22,23,24,26,27,28,29,31,32,33,34,35,36,38,39,40} accuracy is 69.8%
	Using feature(s) {1,2,3,4,5,6,7,8,9,10,11,12,13,14,16,17,18,19,20,21,22,23,24,25,27,28,29,31,32,33,34,35,36,38,39,40} accuracy is 70.8%
	Using feature(s) {1,2,3,4,5,6,7,8,9,10,11,12,13,14,16,17,18,19,20,21,22,23,24,25,26,28,29,31,32,33,34,35,36,38,39,40} accuracy is 70.2%
	Using feature(s) {1,2,3,4,5,6,7,8,9,10,11,12,13,14,16,17,18,19,20,21,22,23,24,25,26,27,29,31,32,33,34,35,36,38,39,40} accuracy is 69.3%
	Using feature(s) {1,2,3,4,5,6,7,8,9,10,11,12,13,14,16,17,18,19,20,21,22,23,24,25,26,27,28,31,32,33,34,35,36,38,39,40} accuracy is 69.5%
	Using feature(s) {1,2,3,4,5,6,7,8,9,10,11,12,13,14,16,17,18,19,20,21,22,23,24,25,26,27,28,29,32,33,34,35,36,38,39,40} accuracy is 69.7%
	Using feature(s) {1,2,3,4,5,6,7,8,9,10,11,12,13,14,16,17,18,19,20,21,22,23,24,25,26,27,28,29,31,33,34,35,36,38,39,40} accuracy is 68.6%
	Using feature(s) {1,2,3,4,5,6,7,8,9,10,11,12,13,14,16,17,18,19,20,21,22,23,24,25,26,27,28,29,31,32,34,35,36,38,39,40} accuracy is 69.6%
	Using feature(s) {1,2,3,4,5,6,7,8,9,10,11,12,13,14,16,17,18,19,20,21,22,23,24,25,26,27,28,29,31,32,33,35,36,38,39,40} accuracy is 68.9%
	Using feature(s) {1,2,3,4,5,6,7,8,9,10,11,12,13,14,16,17,18,19,20,21,22,23,24,25,26,27,28,29,31,32,33,34,36,38,39,40} accuracy is 68.7%
	Using feature(s) {1,2,3,4,5,6,7,8,9,10,11,12,13,14,16,17,18,19,20,21,22,23,24,25,26,27,28,29,31,32,33,34,35,38,39,40} accuracy is 69.9%
	Using feature(s) {1,2,3,4,5,6,7,8,9,10,11,12,13,14,16,17,18,19,20,21,22,23,24,25,26,27,28,29,31,32,33,34,35,36,39,40} accuracy is 69.2%
	Using feature(s) {1,2,3,4,5,6,7,8,9,10,11,12,13,14,16,17,18,19,20,21,22,23,24,25,26,27,28,29,31,32,33,34,35,36,38,40} accuracy is 69.8%
	Using feature(s) {1,2,3,4,5,6,7,8,9,10,11,12,13,14,16,17,18,19,20,21,22,23,24,25,26,27,28,29,31,32,33,34,35,36,38,39} accuracy is 71.4%

Feature set {1,2,3,4,5,6,7,8,9,10,11,12,13,14,16,17,18,19,20,21,22,24,25,26,27,28,29,31,32,33,34,35,36,38,39,40} was best, accuracy is 71.6%

	Using feature(s) {2,3,4,5,6,7,8,9,10,11,12,13,14,16,17,18,19,20,21,22,24,25,26,27,28,29,31,32,33,34,35,36,38,39,40} accuracy is 71%
	Using feature(s) {1,3,4,5,6,7,8,9,10,11,12,13,14,16,17,18,19,20,21,22,24,25,26,27,28,29,31,32,33,34,35,36,38,39,40} accuracy is 70%
	Using feature(s) {1,2,4,5,6,7,8,9,10,11,12,13,14,16,17,18,19,20,21,22,24,25,26,27,28,29,31,32,33,34,35,36,38,39,40} accuracy is 69.8%
	Using feature(s) {1,2,3,5,6,7,8,9,10,11,12,13,14,16,17,18,19,20,21,22,24,25,26,27,28,29,31,32,33,34,35,36,38,39,40} accuracy is 69.3%
	Using feature(s) {1,2,3,4,6,7,8,9,10,11,12,13,14,16,17,18,19,20,21,22,24,25,26,27,28,29,31,32,33,34,35,36,38,39,40} accuracy is 71.5%
	Using feature(s) {1,2,3,4,5,7,8,9,10,11,12,13,14,16,17,18,19,20,21,22,24,25,26,27,28,29,31,32,33,34,35,36,38,39,40} accuracy is 69.9%
	Using feature(s) {1,2,3,4,5,6,8,9,10,11,12,13,14,16,17,18,19,20,21,22,24,25,26,27,28,29,31,32,33,34,35,36,38,39,40} accuracy is 72.6%
	Using feature(s) {1,2,3,4,5,6,7,9,10,11,12,13,14,16,17,18,19,20,21,22,24,25,26,27,28,29,31,32,33,34,35,36,38,39,40} accuracy is 69.7%
	Using feature(s) {1,2,3,4,5,6,7,8,10,11,12,13,14,16,17,18,19,20,21,22,24,25,26,27,28,29,31,32,33,34,35,36,38,39,40} accuracy is 71.1%
	Using feature(s) {1,2,3,4,5,6,7,8,9,11,12,13,14,16,17,18,19,20,21,22,24,25,26,27,28,29,31,32,33,34,35,36,38,39,40} accuracy is 70.2%
	Using feature(s) {1,2,3,4,5,6,7,8,9,10,12,13,14,16,17,18,19,20,21,22,24,25,26,27,28,29,31,32,33,34,35,36,38,39,40} accuracy is 72%
	Using feature(s) {1,2,3,4,5,6,7,8,9,10,11,13,14,16,17,18,19,20,21,22,24,25,26,27,28,29,31,32,33,34,35,36,38,39,40} accuracy is 71.2%
	Using feature(s) {1,2,3,4,5,6,7,8,9,10,11,12,14,16,17,18,19,20,21,22,24,25,26,27,28,29,31,32,33,34,35,36,38,39,40} accuracy is 71.3%
	Using feature(s) {1,2,3,4,5,6,7,8,9,10,11,12,13,16,17,18,19,20,21,22,24,25,26,27,28,29,31,32,33,34,35,36,38,39,40} accuracy is 70.1%
	Using feature(s) {1,2,3,4,5,6,7,8,9,10,11,12,13,14,17,18,19,20,21,22,24,25,26,27,28,29,31,32,33,34,35,36,38,39,40} accuracy is 71.3%
	Using feature(s) {1,2,3,4,5,6,7,8,9,10,11,12,13,14,16,18,19,20,21,22,24,25,26,27,28,29,31,32,33,34,35,36,38,39,40} accuracy is 70.2%
	Using feature(s) {1,2,3,4,5,6,7,8,9,10,11,12,13,14,16,17,19,20,21,22,24,25,26,27,28,29,31,32,33,34,35,36,38,39,40} accuracy is 71.6%
	Using feature(s) {1,2,3,4,5,6,7,8,9,10,11,12,13,14,16,17,18,20,21,22,24,25,26,27,28,29,31,32,33,34,35,36,38,39,40} accuracy is 70.2%
	Using feature(s) {1,2,3,4,5,6,7,8,9,10,11,12,13,14,16,17,18,19,21,22,24,25,26,27,28,29,31,32,33,34,35,36,38,39,40} accuracy is 70.2%
	Using feature(s) {1,2,3,4,5,6,7,8,9,10,11,12,13,14,16,17,18,19,20,22,24,25,26,27,28,29,31,32,33,34,35,36,38,39,40} accuracy is 69.3%
	Using feature(s) {1,2,3,4,5,6,7,8,9,10,11,12,13,14,16,17,18,19,20,21,24,25,26,27,28,29,31,32,33,34,35,36,38,39,40} accuracy is 70.4%
	Using feature(s) {1,2,3,4,5,6,7,8,9,10,11,12,13,14,16,17,18,19,20,21,22,25,26,27,28,29,31,32,33,34,35,36,38,39,40} accuracy is 72.2%
	Using feature(s) {1,2,3,4,5,6,7,8,9,10,11,12,13,14,16,17,18,19,20,21,22,24,26,27,28,29,31,32,33,34,35,36,38,39,40} accuracy is 70.7%
	Using feature(s) {1,2,3,4,5,6,7,8,9,10,11,12,13,14,16,17,18,19,20,21,22,24,25,27,28,29,31,32,33,34,35,36,38,39,40} accuracy is 71.5%
	Using feature(s) {1,2,3,4,5,6,7,8,9,10,11,12,13,14,16,17,18,19,20,21,22,24,25,26,28,29,31,32,33,34,35,36,38,39,40} accuracy is 70.7%
	Using feature(s) {1,2,3,4,5,6,7,8,9,10,11,12,13,14,16,17,18,19,20,21,22,24,25,26,27,29,31,32,33,34,35,36,38,39,40} accuracy is 69.3%
	Using feature(s) {1,2,3,4,5,6,7,8,9,10,11,12,13,14,16,17,18,19,20,21,22,24,25,26,27,28,31,32,33,34,35,36,38,39,40} accuracy is 69.5%
	Using feature(s) {1,2,3,4,5,6,7,8,9,10,11,12,13,14,16,17,18,19,20,21,22,24,25,26,27,28,29,32,33,34,35,36,38,39,40} accuracy is 70%
	Using feature(s) {1,2,3,4,5,6,7,8,9,10,11,12,13,14,16,17,18,19,20,21,22,24,25,26,27,28,29,31,33,34,35,36,38,39,40} accuracy is 69.2%
	Using feature(s) {1,2,3,4,5,6,7,8,9,10,11,12,13,14,16,17,18,19,20,21,22,24,25,26,27,28,29,31,32,34,35,36,38,39,40} accuracy is 69.3%
	Using feature(s) {1,2,3,4,5,6,7,8,9,10,11,12,13,14,16,17,18,19,20,21,22,24,25,26,27,28,29,31,32,33,35,36,38,39,40} accuracy is 71.2%
	Using feature(s) {1,2,3,4,5,6,7,8,9,10,11,12,13,14,16,17,18,19,20,21,22,24,25,26,27,28,29,31,32,33,34,36,38,39,40} accuracy is 69.5%
	Using feature(s) {1,2,3,4,5,6,7,8,9,10,11,12,13,14,16,17,18,19,20,21,22,24,25,26,27,28,29,31,32,33,34,35,38,39,40} accuracy is 70.9%
	Using feature(s) {1,2,3,4,5,6,7,8,9,10,11,12,13,14,16,17,18,19,20,21,22,24,25,26,27,28,29,31,32,33,34,35,36,39,40} accuracy is 70.7%
	Using feature(s) {1,2,3,4,5,6,7,8,9,10,11,12,13,14,16,17,18,19,20,21,22,24,25,26,27,28,29,31,32,33,34,35,36,38,40} accuracy is 71.4%
	Using feature(s) {1,2,3,4,5,6,7,8,9,10,11,12,13,14,16,17,18,19,20,21,22,24,25,26,27,28,29,31,32,33,34,35,36,38,39} accuracy is 70.5%

Feature set {1,2,3,4,5,6,8,9,10,11,12,13,14,16,17,18,19,20,21,22,24,25,26,27,28,29,31,32,33,34,35,36,38,39,40} was best, accuracy is 72.6%

	Using feature(s) {2,3,4,5,6,8,9,10,11,12,13,14,16,17,18,19,20,21,22,24,25,26,27,28,29,31,32,33,34,35,36,38,39,40} accuracy is 72%
	Using feature(s) {1,3,4,5,6,8,9,10,11,12,13,14,16,17,18,19,20,21,22,24,25,26,27,28,29,31,32,33,34,35,36,38,39,40} accuracy is 70.7%
	Using feature(s) {1,2,4,5,6,8,9,10,11,12,13,14,16,17,18,19,20,21,22,24,25,26,27,28,29,31,32,33,34,35,36,38,39,40} accuracy is 70%
	Using feature(s) {1,2,3,5,6,8,9,10,11,12,13,14,16,17,18,19,20,21,22,24,25,26,27,28,29,31,32,33,34,35,36,38,39,40} accuracy is 71.1%
	Using feature(s) {1,2,3,4,6,8,9,10,11,12,13,14,16,17,18,19,20,21,22,24,25,26,27,28,29,31,32,33,34,35,36,38,39,40} accuracy is 71.7%
	Using feature(s) {1,2,3,4,5,8,9,10,11,12,13,14,16,17,18,19,20,21,22,24,25,26,27,28,29,31,32,33,34,35,36,38,39,40} accuracy is 71%
	Using feature(s) {1,2,3,4,5,6,9,10,11,12,13,14,16,17,18,19,20,21,22,24,25,26,27,28,29,31,32,33,34,35,36,38,39,40} accuracy is 70.6%
	Using feature(s) {1,2,3,4,5,6,8,10,11,12,13,14,16,17,18,19,20,21,22,24,25,26,27,28,29,31,32,33,34,35,36,38,39,40} accuracy is 70.8%
	Using feature(s) {1,2,3,4,5,6,8,9,11,12,13,14,16,17,18,19,20,21,22,24,25,26,27,28,29,31,32,33,34,35,36,38,39,40} accuracy is 72.4%
	Using feature(s) {1,2,3,4,5,6,8,9,10,12,13,14,16,17,18,19,20,21,22,24,25,26,27,28,29,31,32,33,34,35,36,38,39,40} accuracy is 73.1%
	Using feature(s) {1,2,3,4,5,6,8,9,10,11,13,14,16,17,18,19,20,21,22,24,25,26,27,28,29,31,32,33,34,35,36,38,39,40} accuracy is 72.4%
	Using feature(s) {1,2,3,4,5,6,8,9,10,11,12,14,16,17,18,19,20,21,22,24,25,26,27,28,29,31,32,33,34,35,36,38,39,40} accuracy is 71.8%
	Using feature(s) {1,2,3,4,5,6,8,9,10,11,12,13,16,17,18,19,20,21,22,24,25,26,27,28,29,31,32,33,34,35,36,38,39,40} accuracy is 70.8%
	Using feature(s) {1,2,3,4,5,6,8,9,10,11,12,13,14,17,18,19,20,21,22,24,25,26,27,28,29,31,32,33,34,35,36,38,39,40} accuracy is 71.3%
	Using feature(s) {1,2,3,4,5,6,8,9,10,11,12,13,14,16,18,19,20,21,22,24,25,26,27,28,29,31,32,33,34,35,36,38,39,40} accuracy is 71.4%
	Using feature(s) {1,2,3,4,5,6,8,9,10,11,12,13,14,16,17,19,20,21,22,24,25,26,27,28,29,31,32,33,34,35,36,38,39,40} accuracy is 71.7%
	Using feature(s) {1,2,3,4,5,6,8,9,10,11,12,13,14,16,17,18,20,21,22,24,25,26,27,28,29,31,32,33,34,35,36,38,39,40} accuracy is 70.8%
	Using feature(s) {1,2,3,4,5,6,8,9,10,11,12,13,14,16,17,18,19,21,22,24,25,26,27,28,29,31,32,33,34,35,36,38,39,40} accuracy is 71%
	Using feature(s) {1,2,3,4,5,6,8,9,10,11,12,13,14,16,17,18,19,20,22,24,25,26,27,28,29,31,32,33,34,35,36,38,39,40} accuracy is 69.9%
	Using feature(s) {1,2,3,4,5,6,8,9,10,11,12,13,14,16,17,18,19,20,21,24,25,26,27,28,29,31,32,33,34,35,36,38,39,40} accuracy is 70.1%
	Using feature(s) {1,2,3,4,5,6,8,9,10,11,12,13,14,16,17,18,19,20,21,22,25,26,27,28,29,31,32,33,34,35,36,38,39,40} accuracy is 72.3%
	Using feature(s) {1,2,3,4,5,6,8,9,10,11,12,13,14,16,17,18,19,20,21,22,24,26,27,28,29,31,32,33,34,35,36,38,39,40} accuracy is 71.5%
	Using feature(s) {1,2,3,4,5,6,8,9,10,11,12,13,14,16,17,18,19,20,21,22,24,25,27,28,29,31,32,33,34,35,36,38,39,40} accuracy is 72.1%
	Using feature(s) {1,2,3,4,5,6,8,9,10,11,12,13,14,16,17,18,19,20,21,22,24,25,26,28,29,31,32,33,34,35,36,38,39,40} accuracy is 71.6%
	Using feature(s) {1,2,3,4,5,6,8,9,10,11,12,13,14,16,17,18,19,20,21,22,24,25,26,27,29,31,32,33,34,35,36,38,39,40} accuracy is 70.9%
	Using feature(s) {1,2,3,4,5,6,8,9,10,11,12,13,14,16,17,18,19,20,21,22,24,25,26,27,28,31,32,33,34,35,36,38,39,40} accuracy is 70.8%
	Using feature(s) {1,2,3,4,5,6,8,9,10,11,12,13,14,16,17,18,19,20,21,22,24,25,26,27,28,29,32,33,34,35,36,38,39,40} accuracy is 70.2%
	Using feature(s) {1,2,3,4,5,6,8,9,10,11,12,13,14,16,17,18,19,20,21,22,24,25,26,27,28,29,31,33,34,35,36,38,39,40} accuracy is 70.6%
	Using feature(s) {1,2,3,4,5,6,8,9,10,11,12,13,14,16,17,18,19,20,21,22,24,25,26,27,28,29,31,32,34,35,36,38,39,40} accuracy is 72.1%
	Using feature(s) {1,2,3,4,5,6,8,9,10,11,12,13,14,16,17,18,19,20,21,22,24,25,26,27,28,29,31,32,33,35,36,38,39,40} accuracy is 71.9%
	Using feature(s) {1,2,3,4,5,6,8,9,10,11,12,13,14,16,17,18,19,20,21,22,24,25,26,27,28,29,31,32,33,34,36,38,39,40} accuracy is 70.6%
	Using feature(s) {1,2,3,4,5,6,8,9,10,11,12,13,14,16,17,18,19,20,21,22,24,25,26,27,28,29,31,32,33,34,35,38,39,40} accuracy is 71.7%
	Using feature(s) {1,2,3,4,5,6,8,9,10,11,12,13,14,16,17,18,19,20,21,22,24,25,26,27,28,29,31,32,33,34,35,36,39,40} accuracy is 72.1%
	Using feature(s) {1,2,3,4,5,6,8,9,10,11,12,13,14,16,17,18,19,20,21,22,24,25,26,27,28,29,31,32,33,34,35,36,38,40} accuracy is 71.7%
	Using feature(s) {1,2,3,4,5,6,8,9,10,11,12,13,14,16,17,18,19,20,21,22,24,25,26,27,28,29,31,32,33,34,35,36,38,39} accuracy is 71.3%

Feature set {1,2,3,4,5,6,8,9,10,12,13,14,16,17,18,19,20,21,22,24,25,26,27,28,29,31,32,33,34,35,36,38,39,40} was best, accuracy is 73.1%

	Using feature(s) {2,3,4,5,6,8,9,10,12,13,14,16,17,18,19,20,21,22,24,25,26,27,28,29,31,32,33,34,35,36,38,39,40} accuracy is 70.7%
	Using feature(s) {1,3,4,5,6,8,9,10,12,13,14,16,17,18,19,20,21,22,24,25,26,27,28,29,31,32,33,34,35,36,38,39,40} accuracy is 70.5%
	Using feature(s) {1,2,4,5,6,8,9,10,12,13,14,16,17,18,19,20,21,22,24,25,26,27,28,29,31,32,33,34,35,36,38,39,40} accuracy is 71.2%
	Using feature(s) {1,2,3,5,6,8,9,10,12,13,14,16,17,18,19,20,21,22,24,25,26,27,28,29,31,32,33,34,35,36,38,39,40} accuracy is 71.4%
	Using feature(s) {1,2,3,4,6,8,9,10,12,13,14,16,17,18,19,20,21,22,24,25,26,27,28,29,31,32,33,34,35,36,38,39,40} accuracy is 71.9%
	Using feature(s) {1,2,3,4,5,8,9,10,12,13,14,16,17,18,19,20,21,22,24,25,26,27,28,29,31,32,33,34,35,36,38,39,40} accuracy is 70.8%
	Using feature(s) {1,2,3,4,5,6,9,10,12,13,14,16,17,18,19,20,21,22,24,25,26,27,28,29,31,32,33,34,35,36,38,39,40} accuracy is 71.1%
	Using feature(s) {1,2,3,4,5,6,8,10,12,13,14,16,17,18,19,20,21,22,24,25,26,27,28,29,31,32,33,34,35,36,38,39,40} accuracy is 71.7%
	Using feature(s) {1,2,3,4,5,6,8,9,12,13,14,16,17,18,19,20,21,22,24,25,26,27,28,29,31,32,33,34,35,36,38,39,40} accuracy is 71.9%
	Using feature(s) {1,2,3,4,5,6,8,9,10,13,14,16,17,18,19,20,21,22,24,25,26,27,28,29,31,32,33,34,35,36,38,39,40} accuracy is 72.5%
	Using feature(s) {1,2,3,4,5,6,8,9,10,12,14,16,17,18,19,20,21,22,24,25,26,27,28,29,31,32,33,34,35,36,38,39,40} accuracy is 71.4%
	Using feature(s) {1,2,3,4,5,6,8,9,10,12,13,16,17,18,19,20,21,22,24,25,26,27,28,29,31,32,33,34,35,36,38,39,40} accuracy is 71.2%
	Using feature(s) {1,2,3,4,5,6,8,9,10,12,13,14,17,18,19,20,21,22,24,25,26,27,28,29,31,32,33,34,35,36,38,39,40} accuracy is 71.8%
	Using feature(s) {1,2,3,4,5,6,8,9,10,12,13,14,16,18,19,20,21,22,24,25,26,27,28,29,31,32,33,34,35,36,38,39,40} accuracy is 70.9%
	Using feature(s) {1,2,3,4,5,6,8,9,10,12,13,14,16,17,19,20,21,22,24,25,26,27,28,29,31,32,33,34,35,36,38,39,40} accuracy is 72.1%
	Using feature(s) {1,2,3,4,5,6,8,9,10,12,13,14,16,17,18,20,21,22,24,25,26,27,28,29,31,32,33,34,35,36,38,39,40} accuracy is 71.1%
	Using feature(s) {1,2,3,4,5,6,8,9,10,12,13,14,16,17,18,19,21,22,24,25,26,27,28,29,31,32,33,34,35,36,38,39,40} accuracy is 70.7%
	Using feature(s) {1,2,3,4,5,6,8,9,10,12,13,14,16,17,18,19,20,22,24,25,26,27,28,29,31,32,33,34,35,36,38,39,40} accuracy is 70.6%
	Using feature(s) {1,2,3,4,5,6,8,9,10,12,13,14,16,17,18,19,20,21,24,25,26,27,28,29,31,32,33,34,35,36,38,39,40} accuracy is 69.9%
	Using feature(s) {1,2,3,4,5,6,8,9,10,12,13,14,16,17,18,19,20,21,22,25,26,27,28,29,31,32,33,34,35,36,38,39,40} accuracy is 72.1%
	Using feature(s) {1,2,3,4,5,6,8,9,10,12,13,14,16,17,18,19,20,21,22,24,26,27,28,29,31,32,33,34,35,36,38,39,40} accuracy is 71.5%
	Using feature(s) {1,2,3,4,5,6,8,9,10,12,13,14,16,17,18,19,20,21,22,24,25,27,28,29,31,32,33,34,35,36,38,39,40} accuracy is 72.1%
	Using feature(s) {1,2,3,4,5,6,8,9,10,12,13,14,16,17,18,19,20,21,22,24,25,26,28,29,31,32,33,34,35,36,38,39,40} accuracy is 71.7%
	Using feature(s) {1,2,3,4,5,6,8,9,10,12,13,14,16,17,18,19,20,21,22,24,25,26,27,29,31,32,33,34,35,36,38,39,40} accuracy is 71.8%
	Using feature(s) {1,2,3,4,5,6,8,9,10,12,13,14,16,17,18,19,20,21,22,24,25,26,27,28,31,32,33,34,35,36,38,39,40} accuracy is 70.8%
	Using feature(s) {1,2,3,4,5,6,8,9,10,12,13,14,16,17,18,19,20,21,22,24,25,26,27,28,29,32,33,34,35,36,38,39,40} accuracy is 71.5%
	Using feature(s) {1,2,3,4,5,6,8,9,10,12,13,14,16,17,18,19,20,21,22,24,25,26,27,28,29,31,33,34,35,36,38,39,40} accuracy is 70.9%
	Using feature(s) {1,2,3,4,5,6,8,9,10,12,13,14,16,17,18,19,20,21,22,24,25,26,27,28,29,31,32,34,35,36,38,39,40} accuracy is 71.4%
	Using feature(s) {1,2,3,4,5,6,8,9,10,12,13,14,16,17,18,19,20,21,22,24,25,26,27,28,29,31,32,33,35,36,38,39,40} accuracy is 71.5%
	Using feature(s) {1,2,3,4,5,6,8,9,10,12,13,14,16,17,18,19,20,21,22,24,25,26,27,28,29,31,32,33,34,36,38,39,40} accuracy is 70.6%
	Using feature(s) {1,2,3,4,5,6,8,9,10,12,13,14,16,17,18,19,20,21,22,24,25,26,27,28,29,31,32,33,34,35,38,39,40} accuracy is 71.6%
	Using feature(s) {1,2,3,4,5,6,8,9,10,12,13,14,16,17,18,19,20,21,22,24,25,26,27,28,29,31,32,33,34,35,36,39,40} accuracy is 72.3%
	Using feature(s) {1,2,3,4,5,6,8,9,10,12,13,14,16,17,18,19,20,21,22,24,25,26,27,28,29,31,32,33,34,35,36,38,40} accuracy is 72.1%
	Using feature(s) {1,2,3,4,5,6,8,9,10,12,13,14,16,17,18,19,20,21,22,24,25,26,27,28,29,31,32,33,34,35,36,38,39} accuracy is 71.5%

(Warning, Accuracy has decreased! Continuing search in case of local maxima)
Feature set {1,2,3,4,5,6,8,9,10,13,14,16,17,18,19,20,21,22,24,25,26,27,28,29,31,32,33,34,35,36,38,39,40} was best, accuracy is 72.5%

	Using feature(s) {2,3,4,5,6,8,9,10,13,14,16,17,18,19,20,21,22,24,25,26,27,28,29,31,32,33,34,35,36,38,39,40} accuracy is 71.3%
	Using feature(s) {1,3,4,5,6,8,9,10,13,14,16,17,18,19,20,21,22,24,25,26,27,28,29,31,32,33,34,35,36,38,39,40} accuracy is 70.4%
	Using feature(s) {1,2,4,5,6,8,9,10,13,14,16,17,18,19,20,21,22,24,25,26,27,28,29,31,32,33,34,35,36,38,39,40} accuracy is 71.2%
	Using feature(s) {1,2,3,5,6,8,9,10,13,14,16,17,18,19,20,21,22,24,25,26,27,28,29,31,32,33,34,35,36,38,39,40} accuracy is 72.4%
	Using feature(s) {1,2,3,4,6,8,9,10,13,14,16,17,18,19,20,21,22,24,25,26,27,28,29,31,32,33,34,35,36,38,39,40} accuracy is 71.4%
	Using feature(s) {1,2,3,4,5,8,9,10,13,14,16,17,18,19,20,21,22,24,25,26,27,28,29,31,32,33,34,35,36,38,39,40} accuracy is 71.7%
	Using feature(s) {1,2,3,4,5,6,9,10,13,14,16,17,18,19,20,21,22,24,25,26,27,28,29,31,32,33,34,35,36,38,39,40} accuracy is 71.3%
	Using feature(s) {1,2,3,4,5,6,8,10,13,14,16,17,18,19,20,21,22,24,25,26,27,28,29,31,32,33,34,35,36,38,39,40} accuracy is 72.2%
	Using feature(s) {1,2,3,4,5,6,8,9,13,14,16,17,18,19,20,21,22,24,25,26,27,28,29,31,32,33,34,35,36,38,39,40} accuracy is 71.2%
	Using feature(s) {1,2,3,4,5,6,8,9,10,14,16,17,18,19,20,21,22,24,25,26,27,28,29,31,32,33,34,35,36,38,39,40} accuracy is 72.2%
	Using feature(s) {1,2,3,4,5,6,8,9,10,13,16,17,18,19,20,21,22,24,25,26,27,28,29,31,32,33,34,35,36,38,39,40} accuracy is 72.2%
	Using feature(s) {1,2,3,4,5,6,8,9,10,13,14,17,18,19,20,21,22,24,25,26,27,28,29,31,32,33,34,35,36,38,39,40} accuracy is 72.3%
	Using feature(s) {1,2,3,4,5,6,8,9,10,13,14,16,18,19,20,21,22,24,25,26,27,28,29,31,32,33,34,35,36,38,39,40} accuracy is 71.6%
	Using feature(s) {1,2,3,4,5,6,8,9,10,13,14,16,17,19,20,21,22,24,25,26,27,28,29,31,32,33,34,35,36,38,39,40} accuracy is 72.1%
	Using feature(s) {1,2,3,4,5,6,8,9,10,13,14,16,17,18,20,21,22,24,25,26,27,28,29,31,32,33,34,35,36,38,39,40} accuracy is 71.4%
	Using feature(s) {1,2,3,4,5,6,8,9,10,13,14,16,17,18,19,21,22,24,25,26,27,28,29,31,32,33,34,35,36,38,39,40} accuracy is 72.1%
	Using feature(s) {1,2,3,4,5,6,8,9,10,13,14,16,17,18,19,20,22,24,25,26,27,28,29,31,32,33,34,35,36,38,39,40} accuracy is 70.6%
	Using feature(s) {1,2,3,4,5,6,8,9,10,13,14,16,17,18,19,20,21,24,25,26,27,28,29,31,32,33,34,35,36,38,39,40} accuracy is 71.3%
	Using feature(s) {1,2,3,4,5,6,8,9,10,13,14,16,17,18,19,20,21,22,25,26,27,28,29,31,32,33,34,35,36,38,39,40} accuracy is 71.7%
	Using feature(s) {1,2,3,4,5,6,8,9,10,13,14,16,17,18,19,20,21,22,24,26,27,28,29,31,32,33,34,35,36,38,39,40} accuracy is 73.4%
	Using feature(s) {1,2,3,4,5,6,8,9,10,13,14,16,17,18,19,20,21,22,24,25,27,28,29,31,32,33,34,35,36,38,39,40} accuracy is 72.7%
	Using feature(s) {1,2,3,4,5,6,8,9,10,13,14,16,17,18,19,20,21,22,24,25,26,28,29,31,32,33,34,35,36,38,39,40} accuracy is 71.6%
	Using feature(s) {1,2,3,4,5,6,8,9,10,13,14,16,17,18,19,20,21,22,24,25,26,27,29,31,32,33,34,35,36,38,39,40} accuracy is 71.7%
	Using feature(s) {1,2,3,4,5,6,8,9,10,13,14,16,17,18,19,20,21,22,24,25,26,27,28,31,32,33,34,35,36,38,39,40} accuracy is 71.4%
	Using feature(s) {1,2,3,4,5,6,8,9,10,13,14,16,17,18,19,20,21,22,24,25,26,27,28,29,32,33,34,35,36,38,39,40} accuracy is 71.8%
	Using feature(s) {1,2,3,4,5,6,8,9,10,13,14,16,17,18,19,20,21,22,24,25,26,27,28,29,31,33,34,35,36,38,39,40} accuracy is 71.2%
	Using feature(s) {1,2,3,4,5,6,8,9,10,13,14,16,17,18,19,20,21,22,24,25,26,27,28,29,31,32,34,35,36,38,39,40} accuracy is 71.8%
	Using feature(s) {1,2,3,4,5,6,8,9,10,13,14,16,17,18,19,20,21,22,24,25,26,27,28,29,31,32,33,35,36,38,39,40} accuracy is 72.2%
	Using feature(s) {1,2,3,4,5,6,8,9,10,13,14,16,17,18,19,20,21,22,24,25,26,27,28,29,31,32,33,34,36,38,39,40} accuracy is 72%
	Using feature(s) {1,2,3,4,5,6,8,9,10,13,14,16,17,18,19,20,21,22,24,25,26,27,28,29,31,32,33,34,35,38,39,40} accuracy is 70.3%
	Using feature(s) {1,2,3,4,5,6,8,9,10,13,14,16,17,18,19,20,21,22,24,25,26,27,28,29,31,32,33,34,35,36,39,40} accuracy is 72.4%
	Using feature(s) {1,2,3,4,5,6,8,9,10,13,14,16,17,18,19,20,21,22,24,25,26,27,28,29,31,32,33,34,35,36,38,40} accuracy is 71.8%
	Using feature(s) {1,2,3,4,5,6,8,9,10,13,14,16,17,18,19,20,21,22,24,25,26,27,28,29,31,32,33,34,35,36,38,39} accuracy is 71.9%

Feature set {1,2,3,4,5,6,8,9,10,13,14,16,17,18,19,20,21,22,24,26,27,28,29,31,32,33,34,35,36,38,39,40} was best, accuracy is 73.4%

	Using feature(s) {2,3,4,5,6,8,9,10,13,14,16,17,18,19,20,21,22,24,26,27,28,29,31,32,33,34,35,36,38,39,40} accuracy is 71.6%
	Using feature(s) {1,3,4,5,6,8,9,10,13,14,16,17,18,19,20,21,22,24,26,27,28,29,31,32,33,34,35,36,38,39,40} accuracy is 70.7%
	Using feature(s) {1,2,4,5,6,8,9,10,13,14,16,17,18,19,20,21,22,24,26,27,28,29,31,32,33,34,35,36,38,39,40} accuracy is 73.4%
	Using feature(s) {1,2,3,5,6,8,9,10,13,14,16,17,18,19,20,21,22,24,26,27,28,29,31,32,33,34,35,36,38,39,40} accuracy is 72.6%
	Using feature(s) {1,2,3,4,6,8,9,10,13,14,16,17,18,19,20,21,22,24,26,27,28,29,31,32,33,34,35,36,38,39,40} accuracy is 71.8%
	Using feature(s) {1,2,3,4,5,8,9,10,13,14,16,17,18,19,20,21,22,24,26,27,28,29,31,32,33,34,35,36,38,39,40} accuracy is 70.5%
	Using feature(s) {1,2,3,4,5,6,9,10,13,14,16,17,18,19,20,21,22,24,26,27,28,29,31,32,33,34,35,36,38,39,40} accuracy is 72.3%
	Using feature(s) {1,2,3,4,5,6,8,10,13,14,16,17,18,19,20,21,22,24,26,27,28,29,31,32,33,34,35,36,38,39,40} accuracy is 73%
	Using feature(s) {1,2,3,4,5,6,8,9,13,14,16,17,18,19,20,21,22,24,26,27,28,29,31,32,33,34,35,36,38,39,40} accuracy is 72%
	Using feature(s) {1,2,3,4,5,6,8,9,10,14,16,17,18,19,20,21,22,24,26,27,28,29,31,32,33,34,35,36,38,39,40} accuracy is 72.6%
	Using feature(s) {1,2,3,4,5,6,8,9,10,13,16,17,18,19,20,21,22,24,26,27,28,29,31,32,33,34,35,36,38,39,40} accuracy is 72.3%
	Using feature(s) {1,2,3,4,5,6,8,9,10,13,14,17,18,19,20,21,22,24,26,27,28,29,31,32,33,34,35,36,38,39,40} accuracy is 72.2%
	Using feature(s) {1,2,3,4,5,6,8,9,10,13,14,16,18,19,20,21,22,24,26,27,28,29,31,32,33,34,35,36,38,39,40} accuracy is 71.1%
	Using feature(s) {1,2,3,4,5,6,8,9,10,13,14,16,17,19,20,21,22,24,26,27,28,29,31,32,33,34,35,36,38,39,40} accuracy is 71.6%
	Using feature(s) {1,2,3,4,5,6,8,9,10,13,14,16,17,18,20,21,22,24,26,27,28,29,31,32,33,34,35,36,38,39,40} accuracy is 72.1%
	Using feature(s) {1,2,3,4,5,6,8,9,10,13,14,16,17,18,19,21,22,24,26,27,28,29,31,32,33,34,35,36,38,39,40} accuracy is 72.6%
	Using feature(s) {1,2,3,4,5,6,8,9,10,13,14,16,17,18,19,20,22,24,26,27,28,29,31,32,33,34,35,36,38,39,40} accuracy is 71.1%
	Using feature(s) {1,2,3,4,5,6,8,9,10,13,14,16,17,18,19,20,21,24,26,27,28,29,31,32,33,34,35,36,38,39,40} accuracy is 71.5%
	Using feature(s) {1,2,3,4,5,6,8,9,10,13,14,16,17,18,19,20,21,22,26,27,28,29,31,32,33,34,35,36,38,39,40} accuracy is 71.8%
	Using feature(s) {1,2,3,4,5,6,8,9,10,13,14,16,17,18,19,20,21,22,24,27,28,29,31,32,33,34,35,36,38,39,40} accuracy is 72.7%
	Using feature(s) {1,2,3,4,5,6,8,9,10,13,14,16,17,18,19,20,21,22,24,26,28,29,31,32,33,34,35,36,38,39,40} accuracy is 71.2%
	Using feature(s) {1,2,3,4,5,6,8,9,10,13,14,16,17,18,19,20,21,22,24,26,27,29,31,32,33,34,35,36,38,39,40} accuracy is 71.7%
	Using feature(s) {1,2,3,4,5,6,8,9,10,13,14,16,17,18,19,20,21,22,24,26,27,28,31,32,33,34,35,36,38,39,40} accuracy is 71.8%
	Using feature(s) {1,2,3,4,5,6,8,9,10,13,14,16,17,18,19,20,21,22,24,26,27,28,29,32,33,34,35,36,38,39,40} accuracy is 71.2%
	Using feature(s) {1,2,3,4,5,6,8,9,10,13,14,16,17,18,19,20,21,22,24,26,27,28,29,31,33,34,35,36,38,39,40} accuracy is 70.3%
	Using feature(s) {1,2,3,4,5,6,8,9,10,13,14,16,17,18,19,20,21,22,24,26,27,28,29,31,32,34,35,36,38,39,40} accuracy is 72%
	Using feature(s) {1,2,3,4,5,6,8,9,10,13,14,16,17,18,19,20,21,22,24,26,27,28,29,31,32,33,35,36,38,39,40} accuracy is 72.1%
	Using feature(s) {1,2,3,4,5,6,8,9,10,13,14,16,17,18,19,20,21,22,24,26,27,28,29,31,32,33,34,36,38,39,40} accuracy is 72.3%
	Using feature(s) {1,2,3,4,5,6,8,9,10,13,14,16,17,18,19,20,21,22,24,26,27,28,29,31,32,33,34,35,38,39,40} accuracy is 72.7%
	Using feature(s) {1,2,3,4,5,6,8,9,10,13,14,16,17,18,19,20,21,22,24,26,27,28,29,31,32,33,34,35,36,39,40} accuracy is 71.5%
	Using feature(s) {1,2,3,4,5,6,8,9,10,13,14,16,17,18,19,20,21,22,24,26,27,28,29,31,32,33,34,35,36,38,40} accuracy is 70.7%
	Using feature(s) {1,2,3,4,5,6,8,9,10,13,14,16,17,18,19,20,21,22,24,26,27,28,29,31,32,33,34,35,36,38,39} accuracy is 70.6%

Feature set {1,2,4,5,6,8,9,10,13,14,16,17,18,19,20,21,22,24,26,27,28,29,31,32,33,34,35,36,38,39,40} was best, accuracy is 73.4%

	Using feature(s) {2,4,5,6,8,9,10,13,14,16,17,18,19,20,21,22,24,26,27,28,29,31,32,33,34,35,36,38,39,40} accuracy is 73%
	Using feature(s) {1,4,5,6,8,9,10,13,14,16,17,18,19,20,21,22,24,26,27,28,29,31,32,33,34,35,36,38,39,40} accuracy is 70.8%
	Using feature(s) {1,2,5,6,8,9,10,13,14,16,17,18,19,20,21,22,24,26,27,28,29,31,32,33,34,35,36,38,39,40} accuracy is 72.5%
	Using feature(s) {1,2,4,6,8,9,10,13,14,16,17,18,19,20,21,22,24,26,27,28,29,31,32,33,34,35,36,38,39,40} accuracy is 71.2%
	Using feature(s) {1,2,4,5,8,9,10,13,14,16,17,18,19,20,21,22,24,26,27,28,29,31,32,33,34,35,36,38,39,40} accuracy is 70.4%
	Using feature(s) {1,2,4,5,6,9,10,13,14,16,17,18,19,20,21,22,24,26,27,28,29,31,32,33,34,35,36,38,39,40} accuracy is 71.3%
	Using feature(s) {1,2,4,5,6,8,10,13,14,16,17,18,19,20,21,22,24,26,27,28,29,31,32,33,34,35,36,38,39,40} accuracy is 73.4%
	Using feature(s) {1,2,4,5,6,8,9,13,14,16,17,18,19,20,21,22,24,26,27,28,29,31,32,33,34,35,36,38,39,40} accuracy is 71.7%
	Using feature(s) {1,2,4,5,6,8,9,10,14,16,17,18,19,20,21,22,24,26,27,28,29,31,32,33,34,35,36,38,39,40} accuracy is 72.1%
	Using feature(s) {1,2,4,5,6,8,9,10,13,16,17,18,19,20,21,22,24,26,27,28,29,31,32,33,34,35,36,38,39,40} accuracy is 71.7%
	Using feature(s) {1,2,4,5,6,8,9,10,13,14,17,18,19,20,21,22,24,26,27,28,29,31,32,33,34,35,36,38,39,40} accuracy is 71.2%
	Using feature(s) {1,2,4,5,6,8,9,10,13,14,16,18,19,20,21,22,24,26,27,28,29,31,32,33,34,35,36,38,39,40} accuracy is 71.2%
	Using feature(s) {1,2,4,5,6,8,9,10,13,14,16,17,19,20,21,22,24,26,27,28,29,31,32,33,34,35,36,38,39,40} accuracy is 72.1%
	Using feature(s) {1,2,4,5,6,8,9,10,13,14,16,17,18,20,21,22,24,26,27,28,29,31,32,33,34,35,36,38,39,40} accuracy is 71.8%
	Using feature(s) {1,2,4,5,6,8,9,10,13,14,16,17,18,19,21,22,24,26,27,28,29,31,32,33,34,35,36,38,39,40} accuracy is 72.1%
	Using feature(s) {1,2,4,5,6,8,9,10,13,14,16,17,18,19,20,22,24,26,27,28,29,31,32,33,34,35,36,38,39,40} accuracy is 71.9%
	Using feature(s) {1,2,4,5,6,8,9,10,13,14,16,17,18,19,20,21,24,26,27,28,29,31,32,33,34,35,36,38,39,40} accuracy is 71.2%
	Using feature(s) {1,2,4,5,6,8,9,10,13,14,16,17,18,19,20,21,22,26,27,28,29,31,32,33,34,35,36,38,39,40} accuracy is 70.6%
	Using feature(s) {1,2,4,5,6,8,9,10,13,14,16,17,18,19,20,21,22,24,27,28,29,31,32,33,34,35,36,38,39,40} accuracy is 71.1%
	Using feature(s) {1,2,4,5,6,8,9,10,13,14,16,17,18,19,20,21,22,24,26,28,29,31,32,33,34,35,36,38,39,40} accuracy is 71.2%
	Using feature(s) {1,2,4,5,6,8,9,10,13,14,16,17,18,19,20,21,22,24,26,27,29,31,32,33,34,35,36,38,39,40} accuracy is 70.6%
	Using feature(s) {1,2,4,5,6,8,9,10,13,14,16,17,18,19,20,21,22,24,26,27,28,31,32,33,34,35,36,38,39,40} accuracy is 71.8%
	Using feature(s) {1,2,4,5,6,8,9,10,13,14,16,17,18,19,20,21,22,24,26,27,28,29,32,33,34,35,36,38,39,40} accuracy is 71.1%
	Using feature(s) {1,2,4,5,6,8,9,10,13,14,16,17,18,19,20,21,22,24,26,27,28,29,31,33,34,35,36,38,39,40} accuracy is 71.2%
	Using feature(s) {1,2,4,5,6,8,9,10,13,14,16,17,18,19,20,21,22,24,26,27,28,29,31,32,34,35,36,38,39,40} accuracy is 71.5%
	Using feature(s) {1,2,4,5,6,8,9,10,13,14,16,17,18,19,20,21,22,24,26,27,28,29,31,32,33,35,36,38,39,40} accuracy is 73%
	Using feature(s) {1,2,4,5,6,8,9,10,13,14,16,17,18,19,20,21,22,24,26,27,28,29,31,32,33,34,36,38,39,40} accuracy is 71.4%
	Using feature(s) {1,2,4,5,6,8,9,10,13,14,16,17,18,19,20,21,22,24,26,27,28,29,31,32,33,34,35,38,39,40} accuracy is 72.4%
	Using feature(s) {1,2,4,5,6,8,9,10,13,14,16,17,18,19,20,21,22,24,26,27,28,29,31,32,33,34,35,36,39,40} accuracy is 72.9%
	Using feature(s) {1,2,4,5,6,8,9,10,13,14,16,17,18,19,20,21,22,24,26,27,28,29,31,32,33,34,35,36,38,40} accuracy is 71%
	Using feature(s) {1,2,4,5,6,8,9,10,13,14,16,17,18,19,20,21,22,24,26,27,28,29,31,32,33,34,35,36,38,39} accuracy is 70.8%

Feature set {1,2,4,5,6,8,10,13,14,16,17,18,19,20,21,22,24,26,27,28,29,31,32,33,34,35,36,38,39,40} was best, accuracy is 73.4%

	Using feature(s) {2,4,5,6,8,10,13,14,16,17,18,19,20,21,22,24,26,27,28,29,31,32,33,34,35,36,38,39,40} accuracy is 72.7%
	Using feature(s) {1,4,5,6,8,10,13,14,16,17,18,19,20,21,22,24,26,27,28,29,31,32,33,34,35,36,38,39,40} accuracy is 71.1%
	Using feature(s) {1,2,5,6,8,10,13,14,16,17,18,19,20,21,22,24,26,27,28,29,31,32,33,34,35,36,38,39,40} accuracy is 72.8%
	Using feature(s) {1,2,4,6,8,10,13,14,16,17,18,19,20,21,22,24,26,27,28,29,31,32,33,34,35,36,38,39,40} accuracy is 72.1%
	Using feature(s) {1,2,4,5,8,10,13,14,16,17,18,19,20,21,22,24,26,27,28,29,31,32,33,34,35,36,38,39,40} accuracy is 71.2%
	Using feature(s) {1,2,4,5,6,10,13,14,16,17,18,19,20,21,22,24,26,27,28,29,31,32,33,34,35,36,38,39,40} accuracy is 72.1%
	Using feature(s) {1,2,4,5,6,8,13,14,16,17,18,19,20,21,22,24,26,27,28,29,31,32,33,34,35,36,38,39,40} accuracy is 72.9%
	Using feature(s) {1,2,4,5,6,8,10,14,16,17,18,19,20,21,22,24,26,27,28,29,31,32,33,34,35,36,38,39,40} accuracy is 71.8%
	Using feature(s) {1,2,4,5,6,8,10,13,16,17,18,19,20,21,22,24,26,27,28,29,31,32,33,34,35,36,38,39,40} accuracy is 73%
	Using feature(s) {1,2,4,5,6,8,10,13,14,17,18,19,20,21,22,24,26,27,28,29,31,32,33,34,35,36,38,39,40} accuracy is 73%
	Using feature(s) {1,2,4,5,6,8,10,13,14,16,18,19,20,21,22,24,26,27,28,29,31,32,33,34,35,36,38,39,40} accuracy is 72.3%
	Using feature(s) {1,2,4,5,6,8,10,13,14,16,17,19,20,21,22,24,26,27,28,29,31,32,33,34,35,36,38,39,40} accuracy is 73.5%
	Using feature(s) {1,2,4,5,6,8,10,13,14,16,17,18,20,21,22,24,26,27,28,29,31,32,33,34,35,36,38,39,40} accuracy is 72.4%
	Using feature(s) {1,2,4,5,6,8,10,13,14,16,17,18,19,21,22,24,26,27,28,29,31,32,33,34,35,36,38,39,40} accuracy is 73.4%
	Using feature(s) {1,2,4,5,6,8,10,13,14,16,17,18,19,20,22,24,26,27,28,29,31,32,33,34,35,36,38,39,40} accuracy is 72.2%
	Using feature(s) {1,2,4,5,6,8,10,13,14,16,17,18,19,20,21,24,26,27,28,29,31,32,33,34,35,36,38,39,40} accuracy is 71.6%
	Using feature(s) {1,2,4,5,6,8,10,13,14,16,17,18,19,20,21,22,26,27,28,29,31,32,33,34,35,36,38,39,40} accuracy is 72%
	Using feature(s) {1,2,4,5,6,8,10,13,14,16,17,18,19,20,21,22,24,27,28,29,31,32,33,34,35,36,38,39,40} accuracy is 72.9%
	Using feature(s) {1,2,4,5,6,8,10,13,14,16,17,18,19,20,21,22,24,26,28,29,31,32,33,34,35,36,38,39,40} accuracy is 73.1%
	Using feature(s) {1,2,4,5,6,8,10,13,14,16,17,18,19,20,21,22,24,26,27,29,31,32,33,34,35,36,38,39,40} accuracy is 72%
	Using feature(s) {1,2,4,5,6,8,10,13,14,16,17,18,19,20,21,22,24,26,27,28,31,32,33,34,35,36,38,39,40} accuracy is 72.7%
	Using feature(s) {1,2,4,5,6,8,10,13,14,16,17,18,19,20,21,22,24,26,27,28,29,32,33,34,35,36,38,39,40} accuracy is 72.4%
	Using feature(s) {1,2,4,5,6,8,10,13,14,16,17,18,19,20,21,22,24,26,27,28,29,31,33,34,35,36,38,39,40} accuracy is 71.4%
	Using feature(s) {1,2,4,5,6,8,10,13,14,16,17,18,19,20,21,22,24,26,27,28,29,31,32,34,35,36,38,39,40} accuracy is 73.1%
	Using feature(s) {1,2,4,5,6,8,10,13,14,16,17,18,19,20,21,22,24,26,27,28,29,31,32,33,35,36,38,39,40} accuracy is 72.3%
	Using feature(s) {1,2,4,5,6,8,10,13,14,16,17,18,19,20,21,22,24,26,27,28,29,31,32,33,34,36,38,39,40} accuracy is 71.1%
	Using feature(s) {1,2,4,5,6,8,10,13,14,16,17,18,19,20,21,22,24,26,27,28,29,31,32,33,34,35,38,39,40} accuracy is 72.5%
	Using feature(s) {1,2,4,5,6,8,10,13,14,16,17,18,19,20,21,22,24,26,27,28,29,31,32,33,34,35,36,39,40} accuracy is 73.1%
	Using feature(s) {1,2,4,5,6,8,10,13,14,16,17,18,19,20,21,22,24,26,27,28,29,31,32,33,34,35,36,38,40} accuracy is 71.3%
	Using feature(s) {1,2,4,5,6,8,10,13,14,16,17,18,19,20,21,22,24,26,27,28,29,31,32,33,34,35,36,38,39} accuracy is 72.7%

Feature set {1,2,4,5,6,8,10,13,14,16,17,19,20,21,22,24,26,27,28,29,31,32,33,34,35,36,38,39,40} was best, accuracy is 73.5%

	Using feature(s) {2,4,5,6,8,10,13,14,16,17,19,20,21,22,24,26,27,28,29,31,32,33,34,35,36,38,39,40} accuracy is 73%
	Using feature(s) {1,4,5,6,8,10,13,14,16,17,19,20,21,22,24,26,27,28,29,31,32,33,34,35,36,38,39,40} accuracy is 72.7%
	Using feature(s) {1,2,5,6,8,10,13,14,16,17,19,20,21,22,24,26,27,28,29,31,32,33,34,35,36,38,39,40} accuracy is 73.3%
	Using feature(s) {1,2,4,6,8,10,13,14,16,17,19,20,21,22,24,26,27,28,29,31,32,33,34,35,36,38,39,40} accuracy is 72.1%
	Using feature(s) {1,2,4,5,8,10,13,14,16,17,19,20,21,22,24,26,27,28,29,31,32,33,34,35,36,38,39,40} accuracy is 71.7%
	Using feature(s) {1,2,4,5,6,10,13,14,16,17,19,20,21,22,24,26,27,28,29,31,32,33,34,35,36,38,39,40} accuracy is 71.8%
	Using feature(s) {1,2,4,5,6,8,13,14,16,17,19,20,21,22,24,26,27,28,29,31,32,33,34,35,36,38,39,40} accuracy is 72.3%
	Using feature(s) {1,2,4,5,6,8,10,14,16,17,19,20,21,22,24,26,27,28,29,31,32,33,34,35,36,38,39,40} accuracy is 71.4%
	Using feature(s) {1,2,4,5,6,8,10,13,16,17,19,20,21,22,24,26,27,28,29,31,32,33,34,35,36,38,39,40} accuracy is 73.7%
	Using feature(s) {1,2,4,5,6,8,10,13,14,17,19,20,21,22,24,26,27,28,29,31,32,33,34,35,36,38,39,40} accuracy is 72.2%
	Using feature(s) {1,2,4,5,6,8,10,13,14,16,19,20,21,22,24,26,27,28,29,31,32,33,34,35,36,38,39,40} accuracy is 73.2%
	Using feature(s) {1,2,4,5,6,8,10,13,14,16,17,20,21,22,24,26,27,28,29,31,32,33,34,35,36,38,39,40} accuracy is 72.1%
	Using feature(s) {1,2,4,5,6,8,10,13,14,16,17,19,21,22,24,26,27,28,29,31,32,33,34,35,36,38,39,40} accuracy is 72.8%
	Using feature(s) {1,2,4,5,6,8,10,13,14,16,17,19,20,22,24,26,27,28,29,31,32,33,34,35,36,38,39,40} accuracy is 73.9%
	Using feature(s) {1,2,4,5,6,8,10,13,14,16,17,19,20,21,24,26,27,28,29,31,32,33,34,35,36,38,39,40} accuracy is 72.2%
	Using feature(s) {1,2,4,5,6,8,10,13,14,16,17,19,20,21,22,26,27,28,29,31,32,33,34,35,36,38,39,40} accuracy is 74.6%
	Using feature(s) {1,2,4,5,6,8,10,13,14,16,17,19,20,21,22,24,27,28,29,31,32,33,34,35,36,38,39,40} accuracy is 71.8%
	Using feature(s) {1,2,4,5,6,8,10,13,14,16,17,19,20,21,22,24,26,28,29,31,32,33,34,35,36,38,39,40} accuracy is 72.9%
	Using feature(s) {1,2,4,5,6,8,10,13,14,16,17,19,20,21,22,24,26,27,29,31,32,33,34,35,36,38,39,40} accuracy is 73.2%
	Using feature(s) {1,2,4,5,6,8,10,13,14,16,17,19,20,21,22,24,26,27,28,31,32,33,34,35,36,38,39,40} accuracy is 72.7%
	Using feature(s) {1,2,4,5,6,8,10,13,14,16,17,19,20,21,22,24,26,27,28,29,32,33,34,35,36,38,39,40} accuracy is 72.2%
	Using feature(s) {1,2,4,5,6,8,10,13,14,16,17,19,20,21,22,24,26,27,28,29,31,33,34,35,36,38,39,40} accuracy is 70.9%
	Using feature(s) {1,2,4,5,6,8,10,13,14,16,17,19,20,21,22,24,26,27,28,29,31,32,34,35,36,38,39,40} accuracy is 72.5%
	Using feature(s) {1,2,4,5,6,8,10,13,14,16,17,19,20,21,22,24,26,27,28,29,31,32,33,35,36,38,39,40} accuracy is 72.7%
	Using feature(s) {1,2,4,5,6,8,10,13,14,16,17,19,20,21,22,24,26,27,28,29,31,32,33,34,36,38,39,40} accuracy is 71.7%
	Using feature(s) {1,2,4,5,6,8,10,13,14,16,17,19,20,21,22,24,26,27,28,29,31,32,33,34,35,38,39,40} accuracy is 72.8%
	Using feature(s) {1,2,4,5,6,8,10,13,14,16,17,19,20,21,22,24,26,27,28,29,31,32,33,34,35,36,39,40} accuracy is 72.3%
	Using feature(s) {1,2,4,5,6,8,10,13,14,16,17,19,20,21,22,24,26,27,28,29,31,32,33,34,35,36,38,40} accuracy is 72.9%
	Using feature(s) {1,2,4,5,6,8,10,13,14,16,17,19,20,21,22,24,26,27,28,29,31,32,33,34,35,36,38,39} accuracy is 72.8%

Feature set {1,2,4,5,6,8,10,13,14,16,17,19,20,21,22,26,27,28,29,31,32,33,34,35,36,38,39,40} was best, accuracy is 74.6%

	Using feature(s) {2,4,5,6,8,10,13,14,16,17,19,20,21,22,26,27,28,29,31,32,33,34,35,36,38,39,40} accuracy is 74%
	Using feature(s) {1,4,5,6,8,10,13,14,16,17,19,20,21,22,26,27,28,29,31,32,33,34,35,36,38,39,40} accuracy is 73%
	Using feature(s) {1,2,5,6,8,10,13,14,16,17,19,20,21,22,26,27,28,29,31,32,33,34,35,36,38,39,40} accuracy is 72.9%
	Using feature(s) {1,2,4,6,8,10,13,14,16,17,19,20,21,22,26,27,28,29,31,32,33,34,35,36,38,39,40} accuracy is 72.5%
	Using feature(s) {1,2,4,5,8,10,13,14,16,17,19,20,21,22,26,27,28,29,31,32,33,34,35,36,38,39,40} accuracy is 72.3%
	Using feature(s) {1,2,4,5,6,10,13,14,16,17,19,20,21,22,26,27,28,29,31,32,33,34,35,36,38,39,40} accuracy is 73.3%
	Using feature(s) {1,2,4,5,6,8,13,14,16,17,19,20,21,22,26,27,28,29,31,32,33,34,35,36,38,39,40} accuracy is 72.9%
	Using feature(s) {1,2,4,5,6,8,10,14,16,17,19,20,21,22,26,27,28,29,31,32,33,34,35,36,38,39,40} accuracy is 72%
	Using feature(s) {1,2,4,5,6,8,10,13,16,17,19,20,21,22,26,27,28,29,31,32,33,34,35,36,38,39,40} accuracy is 72.8%
	Using feature(s) {1,2,4,5,6,8,10,13,14,17,19,20,21,22,26,27,28,29,31,32,33,34,35,36,38,39,40} accuracy is 73.4%
	Using feature(s) {1,2,4,5,6,8,10,13,14,16,19,20,21,22,26,27,28,29,31,32,33,34,35,36,38,39,40} accuracy is 73.5%
	Using feature(s) {1,2,4,5,6,8,10,13,14,16,17,20,21,22,26,27,28,29,31,32,33,34,35,36,38,39,40} accuracy is 71.7%
	Using feature(s) {1,2,4,5,6,8,10,13,14,16,17,19,21,22,26,27,28,29,31,32,33,34,35,36,38,39,40} accuracy is 73.3%
	Using feature(s) {1,2,4,5,6,8,10,13,14,16,17,19,20,22,26,27,28,29,31,32,33,34,35,36,38,39,40} accuracy is 73.7%
	Using feature(s) {1,2,4,5,6,8,10,13,14,16,17,19,20,21,26,27,28,29,31,32,33,34,35,36,38,39,40} accuracy is 72.8%
	Using feature(s) {1,2,4,5,6,8,10,13,14,16,17,19,20,21,22,27,28,29,31,32,33,34,35,36,38,39,40} accuracy is 72.9%
	Using feature(s) {1,2,4,5,6,8,10,13,14,16,17,19,20,21,22,26,28,29,31,32,33,34,35,36,38,39,40} accuracy is 74.2%
	Using feature(s) {1,2,4,5,6,8,10,13,14,16,17,19,20,21,22,26,27,29,31,32,33,34,35,36,38,39,40} accuracy is 75%
	Using feature(s) {1,2,4,5,6,8,10,13,14,16,17,19,20,21,22,26,27,28,31,32,33,34,35,36,38,39,40} accuracy is 73.5%
	Using feature(s) {1,2,4,5,6,8,10,13,14,16,17,19,20,21,22,26,27,28,29,32,33,34,35,36,38,39,40} accuracy is 73.6%
	Using feature(s) {1,2,4,5,6,8,10,13,14,16,17,19,20,21,22,26,27,28,29,31,33,34,35,36,38,39,40} accuracy is 72%
	Using feature(s) {1,2,4,5,6,8,10,13,14,16,17,19,20,21,22,26,27,28,29,31,32,34,35,36,38,39,40} accuracy is 73.3%
	Using feature(s) {1,2,4,5,6,8,10,13,14,16,17,19,20,21,22,26,27,28,29,31,32,33,35,36,38,39,40} accuracy is 75.2%
	Using feature(s) {1,2,4,5,6,8,10,13,14,16,17,19,20,21,22,26,27,28,29,31,32,33,34,36,38,39,40} accuracy is 71.4%
	Using feature(s) {1,2,4,5,6,8,10,13,14,16,17,19,20,21,22,26,27,28,29,31,32,33,34,35,38,39,40} accuracy is 73.1%
	Using feature(s) {1,2,4,5,6,8,10,13,14,16,17,19,20,21,22,26,27,28,29,31,32,33,34,35,36,39,40} accuracy is 72.9%
	Using feature(s) {1,2,4,5,6,8,10,13,14,16,17,19,20,21,22,26,27,28,29,31,32,33,34,35,36,38,40} accuracy is 73.2%
	Using feature(s) {1,2,4,5,6,8,10,13,14,16,17,19,20,21,22,26,27,28,29,31,32,33,34,35,36,38,39} accuracy is 72.7%

Feature set {1,2,4,5,6,8,10,13,14,16,17,19,20,21,22,26,27,28,29,31,32,33,35,36,38,39,40} was best, accuracy is 75.2%

	Using feature(s) {2,4,5,6,8,10,13,14,16,17,19,20,21,22,26,27,28,29,31,32,33,35,36,38,39,40} accuracy is 72.5%
	Using feature(s) {1,4,5,6,8,10,13,14,16,17,19,20,21,22,26,27,28,29,31,32,33,35,36,38,39,40} accuracy is 73.2%
	Using feature(s) {1,2,5,6,8,10,13,14,16,17,19,20,21,22,26,27,28,29,31,32,33,35,36,38,39,40} accuracy is 73.7%
	Using feature(s) {1,2,4,6,8,10,13,14,16,17,19,20,21,22,26,27,28,29,31,32,33,35,36,38,39,40} accuracy is 72.5%
	Using feature(s) {1,2,4,5,8,10,13,14,16,17,19,20,21,22,26,27,28,29,31,32,33,35,36,38,39,40} accuracy is 73.7%
	Using feature(s) {1,2,4,5,6,10,13,14,16,17,19,20,21,22,26,27,28,29,31,32,33,35,36,38,39,40} accuracy is 74.4%
	Using feature(s) {1,2,4,5,6,8,13,14,16,17,19,20,21,22,26,27,28,29,31,32,33,35,36,38,39,40} accuracy is 73.9%
	Using feature(s) {1,2,4,5,6,8,10,14,16,17,19,20,21,22,26,27,28,29,31,32,33,35,36,38,39,40} accuracy is 72.9%
	Using feature(s) {1,2,4,5,6,8,10,13,16,17,19,20,21,22,26,27,28,29,31,32,33,35,36,38,39,40} accuracy is 73.9%
	Using feature(s) {1,2,4,5,6,8,10,13,14,17,19,20,21,22,26,27,28,29,31,32,33,35,36,38,39,40} accuracy is 74%
	Using feature(s) {1,2,4,5,6,8,10,13,14,16,19,20,21,22,26,27,28,29,31,32,33,35,36,38,39,40} accuracy is 75.6%
	Using feature(s) {1,2,4,5,6,8,10,13,14,16,17,20,21,22,26,27,28,29,31,32,33,35,36,38,39,40} accuracy is 73.3%
	Using feature(s) {1,2,4,5,6,8,10,13,14,16,17,19,21,22,26,27,28,29,31,32,33,35,36,38,39,40} accuracy is 72.9%
	Using feature(s) {1,2,4,5,6,8,10,13,14,16,17,19,20,22,26,27,28,29,31,32,33,35,36,38,39,40} accuracy is 73.6%
	Using feature(s) {1,2,4,5,6,8,10,13,14,16,17,19,20,21,26,27,28,29,31,32,33,35,36,38,39,40} accuracy is 72.6%
	Using feature(s) {1,2,4,5,6,8,10,13,14,16,17,19,20,21,22,27,28,29,31,32,33,35,36,38,39,40} accuracy is 74.4%
	Using feature(s) {1,2,4,5,6,8,10,13,14,16,17,19,20,21,22,26,28,29,31,32,33,35,36,38,39,40} accuracy is 75.1%
	Using feature(s) {1,2,4,5,6,8,10,13,14,16,17,19,20,21,22,26,27,29,31,32,33,35,36,38,39,40} accuracy is 74.7%
	Using feature(s) {1,2,4,5,6,8,10,13,14,16,17,19,20,21,22,26,27,28,31,32,33,35,36,38,39,40} accuracy is 74.1%
	Using feature(s) {1,2,4,5,6,8,10,13,14,16,17,19,20,21,22,26,27,28,29,32,33,35,36,38,39,40} accuracy is 74%
	Using feature(s) {1,2,4,5,6,8,10,13,14,16,17,19,20,21,22,26,27,28,29,31,33,35,36,38,39,40} accuracy is 72.7%
	Using feature(s) {1,2,4,5,6,8,10,13,14,16,17,19,20,21,22,26,27,28,29,31,32,35,36,38,39,40} accuracy is 74.2%
	Using feature(s) {1,2,4,5,6,8,10,13,14,16,17,19,20,21,22,26,27,28,29,31,32,33,36,38,39,40} accuracy is 72.9%
	Using feature(s) {1,2,4,5,6,8,10,13,14,16,17,19,20,21,22,26,27,28,29,31,32,33,35,38,39,40} accuracy is 73.4%
	Using feature(s) {1,2,4,5,6,8,10,13,14,16,17,19,20,21,22,26,27,28,29,31,32,33,35,36,39,40} accuracy is 72.8%
	Using feature(s) {1,2,4,5,6,8,10,13,14,16,17,19,20,21,22,26,27,28,29,31,32,33,35,36,38,40} accuracy is 73.2%
	Using feature(s) {1,2,4,5,6,8,10,13,14,16,17,19,20,21,22,26,27,28,29,31,32,33,35,36,38,39} accuracy is 72.8%

Feature set {1,2,4,5,6,8,10,13,14,16,19,20,21,22,26,27,28,29,31,32,33,35,36,38,39,40} was best, accuracy is 75.6%

	Using feature(s) {2,4,5,6,8,10,13,14,16,19,20,21,22,26,27,28,29,31,32,33,35,36,38,39,40} accuracy is 73.7%
	Using feature(s) {1,4,5,6,8,10,13,14,16,19,20,21,22,26,27,28,29,31,32,33,35,36,38,39,40} accuracy is 72.6%
	Using feature(s) {1,2,5,6,8,10,13,14,16,19,20,21,22,26,27,28,29,31,32,33,35,36,38,39,40} accuracy is 73.6%
	Using feature(s) {1,2,4,6,8,10,13,14,16,19,20,21,22,26,27,28,29,31,32,33,35,36,38,39,40} accuracy is 73.8%
	Using feature(s) {1,2,4,5,8,10,13,14,16,19,20,21,22,26,27,28,29,31,32,33,35,36,38,39,40} accuracy is 73.2%
	Using feature(s) {1,2,4,5,6,10,13,14,16,19,20,21,22,26,27,28,29,31,32,33,35,36,38,39,40} accuracy is 74.3%
	Using feature(s) {1,2,4,5,6,8,13,14,16,19,20,21,22,26,27,28,29,31,32,33,35,36,38,39,40} accuracy is 73.1%
	Using feature(s) {1,2,4,5,6,8,10,14,16,19,20,21,22,26,27,28,29,31,32,33,35,36,38,39,40} accuracy is 73.7%
	Using feature(s) {1,2,4,5,6,8,10,13,16,19,20,21,22,26,27,28,29,31,32,33,35,36,38,39,40} accuracy is 74.3%
	Using feature(s) {1,2,4,5,6,8,10,13,14,19,20,21,22,26,27,28,29,31,32,33,35,36,38,39,40} accuracy is 73.5%
	Using feature(s) {1,2,4,5,6,8,10,13,14,16,20,21,22,26,27,28,29,31,32,33,35,36,38,39,40} accuracy is 72.8%
	Using feature(s) {1,2,4,5,6,8,10,13,14,16,19,21,22,26,27,28,29,31,32,33,35,36,38,39,40} accuracy is 74.2%
	Using feature(s) {1,2,4,5,6,8,10,13,14,16,19,20,22,26,27,28,29,31,32,33,35,36,38,39,40} accuracy is 73.9%
	Using feature(s) {1,2,4,5,6,8,10,13,14,16,19,20,21,26,27,28,29,31,32,33,35,36,38,39,40} accuracy is 73.8%
	Using feature(s) {1,2,4,5,6,8,10,13,14,16,19,20,21,22,27,28,29,31,32,33,35,36,38,39,40} accuracy is 75.2%
	Using feature(s) {1,2,4,5,6,8,10,13,14,16,19,20,21,22,26,28,29,31,32,33,35,36,38,39,40} accuracy is 73.9%
	Using feature(s) {1,2,4,5,6,8,10,13,14,16,19,20,21,22,26,27,29,31,32,33,35,36,38,39,40} accuracy is 75%
	Using feature(s) {1,2,4,5,6,8,10,13,14,16,19,20,21,22,26,27,28,31,32,33,35,36,38,39,40} accuracy is 75.5%
	Using feature(s) {1,2,4,5,6,8,10,13,14,16,19,20,21,22,26,27,28,29,32,33,35,36,38,39,40} accuracy is 74.1%
	Using feature(s) {1,2,4,5,6,8,10,13,14,16,19,20,21,22,26,27,28,29,31,33,35,36,38,39,40} accuracy is 74.4%
	Using feature(s) {1,2,4,5,6,8,10,13,14,16,19,20,21,22,26,27,28,29,31,32,35,36,38,39,40} accuracy is 73%
	Using feature(s) {1,2,4,5,6,8,10,13,14,16,19,20,21,22,26,27,28,29,31,32,33,36,38,39,40} accuracy is 72%
	Using feature(s) {1,2,4,5,6,8,10,13,14,16,19,20,21,22,26,27,28,29,31,32,33,35,38,39,40} accuracy is 72.9%
	Using feature(s) {1,2,4,5,6,8,10,13,14,16,19,20,21,22,26,27,28,29,31,32,33,35,36,39,40} accuracy is 72.3%
	Using feature(s) {1,2,4,5,6,8,10,13,14,16,19,20,21,22,26,27,28,29,31,32,33,35,36,38,40} accuracy is 72.6%
	Using feature(s) {1,2,4,5,6,8,10,13,14,16,19,20,21,22,26,27,28,29,31,32,33,35,36,38,39} accuracy is 74.1%

(Warning, Accuracy has decreased! Continuing search in case of local maxima)
Feature set {1,2,4,5,6,8,10,13,14,16,19,20,21,22,26,27,28,31,32,33,35,36,38,39,40} was best, accuracy is 75.5%

	Using feature(s) {2,4,5,6,8,10,13,14,16,19,20,21,22,26,27,28,31,32,33,35,36,38,39,40} accuracy is 73.8%
	Using feature(s) {1,4,5,6,8,10,13,14,16,19,20,21,22,26,27,28,31,32,33,35,36,38,39,40} accuracy is 72.8%
	Using feature(s) {1,2,5,6,8,10,13,14,16,19,20,21,22,26,27,28,31,32,33,35,36,38,39,40} accuracy is 73.4%
	Using feature(s) {1,2,4,6,8,10,13,14,16,19,20,21,22,26,27,28,31,32,33,35,36,38,39,40} accuracy is 74.3%
	Using feature(s) {1,2,4,5,8,10,13,14,16,19,20,21,22,26,27,28,31,32,33,35,36,38,39,40} accuracy is 72.6%
	Using feature(s) {1,2,4,5,6,10,13,14,16,19,20,21,22,26,27,28,31,32,33,35,36,38,39,40} accuracy is 75.2%
	Using feature(s) {1,2,4,5,6,8,13,14,16,19,20,21,22,26,27,28,31,32,33,35,36,38,39,40} accuracy is 73.9%
	Using feature(s) {1,2,4,5,6,8,10,14,16,19,20,21,22,26,27,28,31,32,33,35,36,38,39,40} accuracy is 73.6%
	Using feature(s) {1,2,4,5,6,8,10,13,16,19,20,21,22,26,27,28,31,32,33,35,36,38,39,40} accuracy is 74%
	Using feature(s) {1,2,4,5,6,8,10,13,14,19,20,21,22,26,27,28,31,32,33,35,36,38,39,40} accuracy is 73.5%
	Using feature(s) {1,2,4,5,6,8,10,13,14,16,20,21,22,26,27,28,31,32,33,35,36,38,39,40} accuracy is 73.2%
	Using feature(s) {1,2,4,5,6,8,10,13,14,16,19,21,22,26,27,28,31,32,33,35,36,38,39,40} accuracy is 73.5%
	Using feature(s) {1,2,4,5,6,8,10,13,14,16,19,20,22,26,27,28,31,32,33,35,36,38,39,40} accuracy is 74.7%
	Using feature(s) {1,2,4,5,6,8,10,13,14,16,19,20,21,26,27,28,31,32,33,35,36,38,39,40} accuracy is 73.6%
	Using feature(s) {1,2,4,5,6,8,10,13,14,16,19,20,21,22,27,28,31,32,33,35,36,38,39,40} accuracy is 74.5%
	Using feature(s) {1,2,4,5,6,8,10,13,14,16,19,20,21,22,26,28,31,32,33,35,36,38,39,40} accuracy is 74.7%
	Using feature(s) {1,2,4,5,6,8,10,13,14,16,19,20,21,22,26,27,31,32,33,35,36,38,39,40} accuracy is 76.4%
	Using feature(s) {1,2,4,5,6,8,10,13,14,16,19,20,21,22,26,27,28,32,33,35,36,38,39,40} accuracy is 72.9%
	Using feature(s) {1,2,4,5,6,8,10,13,14,16,19,20,21,22,26,27,28,31,33,35,36,38,39,40} accuracy is 72.8%
	Using feature(s) {1,2,4,5,6,8,10,13,14,16,19,20,21,22,26,27,28,31,32,35,36,38,39,40} accuracy is 74.4%
	Using feature(s) {1,2,4,5,6,8,10,13,14,16,19,20,21,22,26,27,28,31,32,33,36,38,39,40} accuracy is 71.4%
	Using feature(s) {1,2,4,5,6,8,10,13,14,16,19,20,21,22,26,27,28,31,32,33,35,38,39,40} accuracy is 72.5%
	Using feature(s) {1,2,4,5,6,8,10,13,14,16,19,20,21,22,26,27,28,31,32,33,35,36,39,40} accuracy is 73.9%
	Using feature(s) {1,2,4,5,6,8,10,13,14,16,19,20,21,22,26,27,28,31,32,33,35,36,38,40} accuracy is 72.8%
	Using feature(s) {1,2,4,5,6,8,10,13,14,16,19,20,21,22,26,27,28,31,32,33,35,36,38,39} accuracy is 72.3%

Feature set {1,2,4,5,6,8,10,13,14,16,19,20,21,22,26,27,31,32,33,35,36,38,39,40} was best, accuracy is 76.4%

	Using feature(s) {2,4,5,6,8,10,13,14,16,19,20,21,22,26,27,31,32,33,35,36,38,39,40} accuracy is 73.9%
	Using feature(s) {1,4,5,6,8,10,13,14,16,19,20,21,22,26,27,31,32,33,35,36,38,39,40} accuracy is 74.1%
	Using feature(s) {1,2,5,6,8,10,13,14,16,19,20,21,22,26,27,31,32,33,35,36,38,39,40} accuracy is 74.5%
	Using feature(s) {1,2,4,6,8,10,13,14,16,19,20,21,22,26,27,31,32,33,35,36,38,39,40} accuracy is 74.7%
	Using feature(s) {1,2,4,5,8,10,13,14,16,19,20,21,22,26,27,31,32,33,35,36,38,39,40} accuracy is 74.1%
	Using feature(s) {1,2,4,5,6,10,13,14,16,19,20,21,22,26,27,31,32,33,35,36,38,39,40} accuracy is 75.8%
	Using feature(s) {1,2,4,5,6,8,13,14,16,19,20,21,22,26,27,31,32,33,35,36,38,39,40} accuracy is 75.2%
	Using feature(s) {1,2,4,5,6,8,10,14,16,19,20,21,22,26,27,31,32,33,35,36,38,39,40} accuracy is 75.7%
	Using feature(s) {1,2,4,5,6,8,10,13,16,19,20,21,22,26,27,31,32,33,35,36,38,39,40} accuracy is 75.3%
	Using feature(s) {1,2,4,5,6,8,10,13,14,19,20,21,22,26,27,31,32,33,35,36,38,39,40} accuracy is 74.5%
	Using feature(s) {1,2,4,5,6,8,10,13,14,16,20,21,22,26,27,31,32,33,35,36,38,39,40} accuracy is 74.6%
	Using feature(s) {1,2,4,5,6,8,10,13,14,16,19,21,22,26,27,31,32,33,35,36,38,39,40} accuracy is 76.5%
	Using feature(s) {1,2,4,5,6,8,10,13,14,16,19,20,22,26,27,31,32,33,35,36,38,39,40} accuracy is 74.9%
	Using feature(s) {1,2,4,5,6,8,10,13,14,16,19,20,21,26,27,31,32,33,35,36,38,39,40} accuracy is 75.5%
	Using feature(s) {1,2,4,5,6,8,10,13,14,16,19,20,21,22,27,31,32,33,35,36,38,39,40} accuracy is 76.7%
	Using feature(s) {1,2,4,5,6,8,10,13,14,16,19,20,21,22,26,31,32,33,35,36,38,39,40} accuracy is 76.6%
	Using feature(s) {1,2,4,5,6,8,10,13,14,16,19,20,21,22,26,27,32,33,35,36,38,39,40} accuracy is 74.9%
	Using feature(s) {1,2,4,5,6,8,10,13,14,16,19,20,21,22,26,27,31,33,35,36,38,39,40} accuracy is 74.5%
	Using feature(s) {1,2,4,5,6,8,10,13,14,16,19,20,21,22,26,27,31,32,35,36,38,39,40} accuracy is 75.7%
	Using feature(s) {1,2,4,5,6,8,10,13,14,16,19,20,21,22,26,27,31,32,33,36,38,39,40} accuracy is 73.1%
	Using feature(s) {1,2,4,5,6,8,10,13,14,16,19,20,21,22,26,27,31,32,33,35,38,39,40} accuracy is 74.3%
	Using feature(s) {1,2,4,5,6,8,10,13,14,16,19,20,21,22,26,27,31,32,33,35,36,39,40} accuracy is 75.2%
	Using feature(s) {1,2,4,5,6,8,10,13,14,16,19,20,21,22,26,27,31,32,33,35,36,38,40} accuracy is 74%
	Using feature(s) {1,2,4,5,6,8,10,13,14,16,19,20,21,22,26,27,31,32,33,35,36,38,39} accuracy is 75.1%

Feature set {1,2,4,5,6,8,10,13,14,16,19,20,21,22,27,31,32,33,35,36,38,39,40} was best, accuracy is 76.7%

	Using feature(s) {2,4,5,6,8,10,13,14,16,19,20,21,22,27,31,32,33,35,36,38,39,40} accuracy is 74.9%
	Using feature(s) {1,4,5,6,8,10,13,14,16,19,20,21,22,27,31,32,33,35,36,38,39,40} accuracy is 75.4%
	Using feature(s) {1,2,5,6,8,10,13,14,16,19,20,21,22,27,31,32,33,35,36,38,39,40} accuracy is 75.4%
	Using feature(s) {1,2,4,6,8,10,13,14,16,19,20,21,22,27,31,32,33,35,36,38,39,40} accuracy is 75.8%
	Using feature(s) {1,2,4,5,8,10,13,14,16,19,20,21,22,27,31,32,33,35,36,38,39,40} accuracy is 73.5%
	Using feature(s) {1,2,4,5,6,10,13,14,16,19,20,21,22,27,31,32,33,35,36,38,39,40} accuracy is 77.5%
	Using feature(s) {1,2,4,5,6,8,13,14,16,19,20,21,22,27,31,32,33,35,36,38,39,40} accuracy is 75.2%
	Using feature(s) {1,2,4,5,6,8,10,14,16,19,20,21,22,27,31,32,33,35,36,38,39,40} accuracy is 76.1%
	Using feature(s) {1,2,4,5,6,8,10,13,16,19,20,21,22,27,31,32,33,35,36,38,39,40} accuracy is 75.6%
	Using feature(s) {1,2,4,5,6,8,10,13,14,19,20,21,22,27,31,32,33,35,36,38,39,40} accuracy is 75.2%
	Using feature(s) {1,2,4,5,6,8,10,13,14,16,20,21,22,27,31,32,33,35,36,38,39,40} accuracy is 74.2%
	Using feature(s) {1,2,4,5,6,8,10,13,14,16,19,21,22,27,31,32,33,35,36,38,39,40} accuracy is 76.9%
	Using feature(s) {1,2,4,5,6,8,10,13,14,16,19,20,22,27,31,32,33,35,36,38,39,40} accuracy is 74.3%
	Using feature(s) {1,2,4,5,6,8,10,13,14,16,19,20,21,27,31,32,33,35,36,38,39,40} accuracy is 74.9%
	Using feature(s) {1,2,4,5,6,8,10,13,14,16,19,20,21,22,31,32,33,35,36,38,39,40} accuracy is 75.3%
	Using feature(s) {1,2,4,5,6,8,10,13,14,16,19,20,21,22,27,32,33,35,36,38,39,40} accuracy is 74.1%
	Using feature(s) {1,2,4,5,6,8,10,13,14,16,19,20,21,22,27,31,33,35,36,38,39,40} accuracy is 73%
	Using feature(s) {1,2,4,5,6,8,10,13,14,16,19,20,21,22,27,31,32,35,36,38,39,40} accuracy is 73.9%
	Using feature(s) {1,2,4,5,6,8,10,13,14,16,19,20,21,22,27,31,32,33,36,38,39,40} accuracy is 73.9%
	Using feature(s) {1,2,4,5,6,8,10,13,14,16,19,20,21,22,27,31,32,33,35,38,39,40} accuracy is 73.1%
	Using feature(s) {1,2,4,5,6,8,10,13,14,16,19,20,21,22,27,31,32,33,35,36,39,40} accuracy is 76%
	Using feature(s) {1,2,4,5,6,8,10,13,14,16,19,20,21,22,27,31,32,33,35,36,38,40} accuracy is 75.3%
	Using feature(s) {1,2,4,5,6,8,10,13,14,16,19,20,21,22,27,31,32,33,35,36,38,39} accuracy is 74.9%

Feature set {1,2,4,5,6,10,13,14,16,19,20,21,22,27,31,32,33,35,36,38,39,40} was best, accuracy is 77.5%

	Using feature(s) {2,4,5,6,10,13,14,16,19,20,21,22,27,31,32,33,35,36,38,39,40} accuracy is 74.6%
	Using feature(s) {1,4,5,6,10,13,14,16,19,20,21,22,27,31,32,33,35,36,38,39,40} accuracy is 74.2%
	Using feature(s) {1,2,5,6,10,13,14,16,19,20,21,22,27,31,32,33,35,36,38,39,40} accuracy is 74.7%
	Using feature(s) {1,2,4,6,10,13,14,16,19,20,21,22,27,31,32,33,35,36,38,39,40} accuracy is 75.9%
	Using feature(s) {1,2,4,5,10,13,14,16,19,20,21,22,27,31,32,33,35,36,38,39,40} accuracy is 72.7%
	Using feature(s) {1,2,4,5,6,13,14,16,19,20,21,22,27,31,32,33,35,36,38,39,40} accuracy is 74.1%
	Using feature(s) {1,2,4,5,6,10,14,16,19,20,21,22,27,31,32,33,35,36,38,39,40} accuracy is 76.1%
	Using feature(s) {1,2,4,5,6,10,13,16,19,20,21,22,27,31,32,33,35,36,38,39,40} accuracy is 75.8%
	Using feature(s) {1,2,4,5,6,10,13,14,19,20,21,22,27,31,32,33,35,36,38,39,40} accuracy is 75%
	Using feature(s) {1,2,4,5,6,10,13,14,16,20,21,22,27,31,32,33,35,36,38,39,40} accuracy is 74.3%
	Using feature(s) {1,2,4,5,6,10,13,14,16,19,21,22,27,31,32,33,35,36,38,39,40} accuracy is 76%
	Using feature(s) {1,2,4,5,6,10,13,14,16,19,20,22,27,31,32,33,35,36,38,39,40} accuracy is 74.7%
	Using feature(s) {1,2,4,5,6,10,13,14,16,19,20,21,27,31,32,33,35,36,38,39,40} accuracy is 76.2%
	Using feature(s) {1,2,4,5,6,10,13,14,16,19,20,21,22,31,32,33,35,36,38,39,40} accuracy is 74.8%
	Using feature(s) {1,2,4,5,6,10,13,14,16,19,20,21,22,27,32,33,35,36,38,39,40} accuracy is 75.2%
	Using feature(s) {1,2,4,5,6,10,13,14,16,19,20,21,22,27,31,33,35,36,38,39,40} accuracy is 73.3%
	Using feature(s) {1,2,4,5,6,10,13,14,16,19,20,21,22,27,31,32,35,36,38,39,40} accuracy is 75.8%
	Using feature(s) {1,2,4,5,6,10,13,14,16,19,20,21,22,27,31,32,33,36,38,39,40} accuracy is 73.7%
	Using feature(s) {1,2,4,5,6,10,13,14,16,19,20,21,22,27,31,32,33,35,38,39,40} accuracy is 73.8%
	Using feature(s) {1,2,4,5,6,10,13,14,16,19,20,21,22,27,31,32,33,35,36,39,40} accuracy is 76%
	Using feature(s) {1,2,4,5,6,10,13,14,16,19,20,21,22,27,31,32,33,35,36,38,40} accuracy is 73.3%
	Using feature(s) {1,2,4,5,6,10,13,14,16,19,20,21,22,27,31,32,33,35,36,38,39} accuracy is 75.2%

(Warning, Accuracy has decreased! Continuing search in case of local maxima)
Feature set {1,2,4,5,6,10,13,14,16,19,20,21,27,31,32,33,35,36,38,39,40} was best, accuracy is 76.2%

	Using feature(s) {2,4,5,6,10,13,14,16,19,20,21,27,31,32,33,35,36,38,39,40} accuracy is 73.1%
	Using feature(s) {1,4,5,6,10,13,14,16,19,20,21,27,31,32,33,35,36,38,39,40} accuracy is 75%
	Using feature(s) {1,2,5,6,10,13,14,16,19,20,21,27,31,32,33,35,36,38,39,40} accuracy is 74%
	Using feature(s) {1,2,4,6,10,13,14,16,19,20,21,27,31,32,33,35,36,38,39,40} accuracy is 74.4%
	Using feature(s) {1,2,4,5,10,13,14,16,19,20,21,27,31,32,33,35,36,38,39,40} accuracy is 72.4%
	Using feature(s) {1,2,4,5,6,13,14,16,19,20,21,27,31,32,33,35,36,38,39,40} accuracy is 74%
	Using feature(s) {1,2,4,5,6,10,14,16,19,20,21,27,31,32,33,35,36,38,39,40} accuracy is 76.2%
	Using feature(s) {1,2,4,5,6,10,13,16,19,20,21,27,31,32,33,35,36,38,39,40} accuracy is 75.4%
	Using feature(s) {1,2,4,5,6,10,13,14,19,20,21,27,31,32,33,35,36,38,39,40} accuracy is 74.7%
	Using feature(s) {1,2,4,5,6,10,13,14,16,20,21,27,31,32,33,35,36,38,39,40} accuracy is 75.1%
	Using feature(s) {1,2,4,5,6,10,13,14,16,19,21,27,31,32,33,35,36,38,39,40} accuracy is 75.8%
	Using feature(s) {1,2,4,5,6,10,13,14,16,19,20,27,31,32,33,35,36,38,39,40} accuracy is 73.8%
	Using feature(s) {1,2,4,5,6,10,13,14,16,19,20,21,31,32,33,35,36,38,39,40} accuracy is 74.6%
	Using feature(s) {1,2,4,5,6,10,13,14,16,19,20,21,27,32,33,35,36,38,39,40} accuracy is 74.5%
	Using feature(s) {1,2,4,5,6,10,13,14,16,19,20,21,27,31,33,35,36,38,39,40} accuracy is 72.8%
	Using feature(s) {1,2,4,5,6,10,13,14,16,19,20,21,27,31,32,35,36,38,39,40} accuracy is 74.4%
	Using feature(s) {1,2,4,5,6,10,13,14,16,19,20,21,27,31,32,33,36,38,39,40} accuracy is 74%
	Using feature(s) {1,2,4,5,6,10,13,14,16,19,20,21,27,31,32,33,35,38,39,40} accuracy is 75%
	Using feature(s) {1,2,4,5,6,10,13,14,16,19,20,21,27,31,32,33,35,36,39,40} accuracy is 73.9%
	Using feature(s) {1,2,4,5,6,10,13,14,16,19,20,21,27,31,32,33,35,36,38,40} accuracy is 73.4%
	Using feature(s) {1,2,4,5,6,10,13,14,16,19,20,21,27,31,32,33,35,36,38,39} accuracy is 75.2%

(Warning, Accuracy has decreased! Continuing search in case of local maxima)
Feature set {1,2,4,5,6,10,14,16,19,20,21,27,31,32,33,35,36,38,39,40} was best, accuracy is 76.2%

	Using feature(s) {2,4,5,6,10,14,16,19,20,21,27,31,32,33,35,36,38,39,40} accuracy is 74.2%
	Using feature(s) {1,4,5,6,10,14,16,19,20,21,27,31,32,33,35,36,38,39,40} accuracy is 74.9%
	Using feature(s) {1,2,5,6,10,14,16,19,20,21,27,31,32,33,35,36,38,39,40} accuracy is 74.1%
	Using feature(s) {1,2,4,6,10,14,16,19,20,21,27,31,32,33,35,36,38,39,40} accuracy is 75.2%
	Using feature(s) {1,2,4,5,10,14,16,19,20,21,27,31,32,33,35,36,38,39,40} accuracy is 70.6%
	Using feature(s) {1,2,4,5,6,14,16,19,20,21,27,31,32,33,35,36,38,39,40} accuracy is 73.8%
	Using feature(s) {1,2,4,5,6,10,16,19,20,21,27,31,32,33,35,36,38,39,40} accuracy is 74.1%
	Using feature(s) {1,2,4,5,6,10,14,19,20,21,27,31,32,33,35,36,38,39,40} accuracy is 74.6%
	Using feature(s) {1,2,4,5,6,10,14,16,20,21,27,31,32,33,35,36,38,39,40} accuracy is 75.7%
	Using feature(s) {1,2,4,5,6,10,14,16,19,21,27,31,32,33,35,36,38,39,40} accuracy is 76.7%
	Using feature(s) {1,2,4,5,6,10,14,16,19,20,27,31,32,33,35,36,38,39,40} accuracy is 74.4%
	Using feature(s) {1,2,4,5,6,10,14,16,19,20,21,31,32,33,35,36,38,39,40} accuracy is 77.4%
	Using feature(s) {1,2,4,5,6,10,14,16,19,20,21,27,32,33,35,36,38,39,40} accuracy is 73.7%
	Using feature(s) {1,2,4,5,6,10,14,16,19,20,21,27,31,33,35,36,38,39,40} accuracy is 73.6%
	Using feature(s) {1,2,4,5,6,10,14,16,19,20,21,27,31,32,35,36,38,39,40} accuracy is 74.7%
	Using feature(s) {1,2,4,5,6,10,14,16,19,20,21,27,31,32,33,36,38,39,40} accuracy is 72.8%
	Using feature(s) {1,2,4,5,6,10,14,16,19,20,21,27,31,32,33,35,38,39,40} accuracy is 74.3%
	Using feature(s) {1,2,4,5,6,10,14,16,19,20,21,27,31,32,33,35,36,39,40} accuracy is 74.3%
	Using feature(s) {1,2,4,5,6,10,14,16,19,20,21,27,31,32,33,35,36,38,40} accuracy is 73.8%
	Using feature(s) {1,2,4,5,6,10,14,16,19,20,21,27,31,32,33,35,36,38,39} accuracy is 74.8%

(Warning, Accuracy has decreased! Continuing search in case of local maxima)
Feature set {1,2,4,5,6,10,14,16,19,20,21,31,32,33,35,36,38,39,40} was best, accuracy is 77.4%

	Using feature(s) {2,4,5,6,10,14,16,19,20,21,31,32,33,35,36,38,39,40} accuracy is 76.1%
	Using feature(s) {1,4,5,6,10,14,16,19,20,21,31,32,33,35,36,38,39,40} accuracy is 76%
	Using feature(s) {1,2,5,6,10,14,16,19,20,21,31,32,33,35,36,38,39,40} accuracy is 75.5%
	Using feature(s) {1,2,4,6,10,14,16,19,20,21,31,32,33,35,36,38,39,40} accuracy is 74.4%
	Using feature(s) {1,2,4,5,10,14,16,19,20,21,31,32,33,35,36,38,39,40} accuracy is 72.3%
	Using feature(s) {1,2,4,5,6,14,16,19,20,21,31,32,33,35,36,38,39,40} accuracy is 76.1%
	Using feature(s) {1,2,4,5,6,10,16,19,20,21,31,32,33,35,36,38,39,40} accuracy is 74.2%
	Using feature(s) {1,2,4,5,6,10,14,19,20,21,31,32,33,35,36,38,39,40} accuracy is 77.1%
	Using feature(s) {1,2,4,5,6,10,14,16,20,21,31,32,33,35,36,38,39,40} accuracy is 76.7%
	Using feature(s) {1,2,4,5,6,10,14,16,19,21,31,32,33,35,36,38,39,40} accuracy is 77.7%
	Using feature(s) {1,2,4,5,6,10,14,16,19,20,31,32,33,35,36,38,39,40} accuracy is 76.8%
	Using feature(s) {1,2,4,5,6,10,14,16,19,20,21,32,33,35,36,38,39,40} accuracy is 75.4%
	Using feature(s) {1,2,4,5,6,10,14,16,19,20,21,31,33,35,36,38,39,40} accuracy is 74.5%
	Using feature(s) {1,2,4,5,6,10,14,16,19,20,21,31,32,35,36,38,39,40} accuracy is 75.1%
	Using feature(s) {1,2,4,5,6,10,14,16,19,20,21,31,32,33,36,38,39,40} accuracy is 74.3%
	Using feature(s) {1,2,4,5,6,10,14,16,19,20,21,31,32,33,35,38,39,40} accuracy is 75.6%
	Using feature(s) {1,2,4,5,6,10,14,16,19,20,21,31,32,33,35,36,39,40} accuracy is 74.8%
	Using feature(s) {1,2,4,5,6,10,14,16,19,20,21,31,32,33,35,36,38,40} accuracy is 73.4%
	Using feature(s) {1,2,4,5,6,10,14,16,19,20,21,31,32,33,35,36,38,39} accuracy is 76.1%

Feature set {1,2,4,5,6,10,14,16,19,21,31,32,33,35,36,38,39,40} was best, accuracy is 77.7%

	Using feature(s) {2,4,5,6,10,14,16,19,21,31,32,33,35,36,38,39,40} accuracy is 77.1%
	Using feature(s) {1,4,5,6,10,14,16,19,21,31,32,33,35,36,38,39,40} accuracy is 76.7%
	Using feature(s) {1,2,5,6,10,14,16,19,21,31,32,33,35,36,38,39,40} accuracy is 75.3%
	Using feature(s) {1,2,4,6,10,14,16,19,21,31,32,33,35,36,38,39,40} accuracy is 74.9%
	Using feature(s) {1,2,4,5,10,14,16,19,21,31,32,33,35,36,38,39,40} accuracy is 73.2%
	Using feature(s) {1,2,4,5,6,14,16,19,21,31,32,33,35,36,38,39,40} accuracy is 75.8%
	Using feature(s) {1,2,4,5,6,10,16,19,21,31,32,33,35,36,38,39,40} accuracy is 74.9%
	Using feature(s) {1,2,4,5,6,10,14,19,21,31,32,33,35,36,38,39,40} accuracy is 77.1%
	Using feature(s) {1,2,4,5,6,10,14,16,21,31,32,33,35,36,38,39,40} accuracy is 76.2%
	Using feature(s) {1,2,4,5,6,10,14,16,19,31,32,33,35,36,38,39,40} accuracy is 77.1%
	Using feature(s) {1,2,4,5,6,10,14,16,19,21,32,33,35,36,38,39,40} accuracy is 76.8%
	Using feature(s) {1,2,4,5,6,10,14,16,19,21,31,33,35,36,38,39,40} accuracy is 75.7%
	Using feature(s) {1,2,4,5,6,10,14,16,19,21,31,32,35,36,38,39,40} accuracy is 75.5%
	Using feature(s) {1,2,4,5,6,10,14,16,19,21,31,32,33,36,38,39,40} accuracy is 76.7%
	Using feature(s) {1,2,4,5,6,10,14,16,19,21,31,32,33,35,38,39,40} accuracy is 75.8%
	Using feature(s) {1,2,4,5,6,10,14,16,19,21,31,32,33,35,36,39,40} accuracy is 75.4%
	Using feature(s) {1,2,4,5,6,10,14,16,19,21,31,32,33,35,36,38,40} accuracy is 74.5%
	Using feature(s) {1,2,4,5,6,10,14,16,19,21,31,32,33,35,36,38,39} accuracy is 76.6%

(Warning, Accuracy has decreased! Continuing search in case of local maxima)
Feature set {2,4,5,6,10,14,16,19,21,31,32,33,35,36,38,39,40} was best, accuracy is 77.1%

	Using feature(s) {4,5,6,10,14,16,19,21,31,32,33,35,36,38,39,40} accuracy is 76%
	Using feature(s) {2,5,6,10,14,16,19,21,31,32,33,35,36,38,39,40} accuracy is 74.4%
	Using feature(s) {2,4,6,10,14,16,19,21,31,32,33,35,36,38,39,40} accuracy is 74.9%
	Using feature(s) {2,4,5,10,14,16,19,21,31,32,33,35,36,38,39,40} accuracy is 73.2%
	Using feature(s) {2,4,5,6,14,16,19,21,31,32,33,35,36,38,39,40} accuracy is 75.8%
	Using feature(s) {2,4,5,6,10,16,19,21,31,32,33,35,36,38,39,40} accuracy is 76.3%
	Using feature(s) {2,4,5,6,10,14,19,21,31,32,33,35,36,38,39,40} accuracy is 77.4%
	Using feature(s) {2,4,5,6,10,14,16,21,31,32,33,35,36,38,39,40} accuracy is 76.7%
	Using feature(s) {2,4,5,6,10,14,16,19,31,32,33,35,36,38,39,40} accuracy is 76%
	Using feature(s) {2,4,5,6,10,14,16,19,21,32,33,35,36,38,39,40} accuracy is 77.1%
	Using feature(s) {2,4,5,6,10,14,16,19,21,31,33,35,36,38,39,40} accuracy is 75.2%
	Using feature(s) {2,4,5,6,10,14,16,19,21,31,32,35,36,38,39,40} accuracy is 74.9%
	Using feature(s) {2,4,5,6,10,14,16,19,21,31,32,33,36,38,39,40} accuracy is 75.1%
	Using feature(s) {2,4,5,6,10,14,16,19,21,31,32,33,35,38,39,40} accuracy is 73.9%
	Using feature(s) {2,4,5,6,10,14,16,19,21,31,32,33,35,36,39,40} accuracy is 75.1%
	Using feature(s) {2,4,5,6,10,14,16,19,21,31,32,33,35,36,38,40} accuracy is 74.1%
	Using feature(s) {2,4,5,6,10,14,16,19,21,31,32,33,35,36,38,39} accuracy is 76.6%

(Warning, Accuracy has decreased! Continuing search in case of local maxima)
Feature set {2,4,5,6,10,14,19,21,31,32,33,35,36,38,39,40} was best, accuracy is 77.4%

	Using feature(s) {4,5,6,10,14,19,21,31,32,33,35,36,38,39,40} accuracy is 76.3%
	Using feature(s) {2,5,6,10,14,19,21,31,32,33,35,36,38,39,40} accuracy is 76.2%
	Using feature(s) {2,4,6,10,14,19,21,31,32,33,35,36,38,39,40} accuracy is 76.2%
	Using feature(s) {2,4,5,10,14,19,21,31,32,33,35,36,38,39,40} accuracy is 72.9%
	Using feature(s) {2,4,5,6,14,19,21,31,32,33,35,36,38,39,40} accuracy is 75.6%
	Using feature(s) {2,4,5,6,10,19,21,31,32,33,35,36,38,39,40} accuracy is 76.4%
	Using feature(s) {2,4,5,6,10,14,21,31,32,33,35,36,38,39,40} accuracy is 75.5%
	Using feature(s) {2,4,5,6,10,14,19,31,32,33,35,36,38,39,40} accuracy is 77.8%
	Using feature(s) {2,4,5,6,10,14,19,21,32,33,35,36,38,39,40} accuracy is 76.4%
	Using feature(s) {2,4,5,6,10,14,19,21,31,33,35,36,38,39,40} accuracy is 76.4%
	Using feature(s) {2,4,5,6,10,14,19,21,31,32,35,36,38,39,40} accuracy is 76.6%
	Using feature(s) {2,4,5,6,10,14,19,21,31,32,33,36,38,39,40} accuracy is 75.6%
	Using feature(s) {2,4,5,6,10,14,19,21,31,32,33,35,38,39,40} accuracy is 75.1%
	Using feature(s) {2,4,5,6,10,14,19,21,31,32,33,35,36,39,40} accuracy is 76.8%
	Using feature(s) {2,4,5,6,10,14,19,21,31,32,33,35,36,38,40} accuracy is 73.2%
	Using feature(s) {2,4,5,6,10,14,19,21,31,32,33,35,36,38,39} accuracy is 76.7%

Feature set {2,4,5,6,10,14,19,31,32,33,35,36,38,39,40} was best, accuracy is 77.8%

	Using feature(s) {4,5,6,10,14,19,31,32,33,35,36,38,39,40} accuracy is 75%
	Using feature(s) {2,5,6,10,14,19,31,32,33,35,36,38,39,40} accuracy is 77.2%
	Using feature(s) {2,4,6,10,14,19,31,32,33,35,36,38,39,40} accuracy is 76.5%
	Using feature(s) {2,4,5,10,14,19,31,32,33,35,36,38,39,40} accuracy is 74.1%
	Using feature(s) {2,4,5,6,14,19,31,32,33,35,36,38,39,40} accuracy is 75.8%
	Using feature(s) {2,4,5,6,10,19,31,32,33,35,36,38,39,40} accuracy is 79.2%
	Using feature(s) {2,4,5,6,10,14,31,32,33,35,36,38,39,40} accuracy is 75.5%
	Using feature(s) {2,4,5,6,10,14,19,32,33,35,36,38,39,40} accuracy is 77.1%
	Using feature(s) {2,4,5,6,10,14,19,31,33,35,36,38,39,40} accuracy is 76.6%
	Using feature(s) {2,4,5,6,10,14,19,31,32,35,36,38,39,40} accuracy is 77.2%
	Using feature(s) {2,4,5,6,10,14,19,31,32,33,36,38,39,40} accuracy is 77.8%
	Using feature(s) {2,4,5,6,10,14,19,31,32,33,35,38,39,40} accuracy is 75.7%
	Using feature(s) {2,4,5,6,10,14,19,31,32,33,35,36,39,40} accuracy is 75.6%
	Using feature(s) {2,4,5,6,10,14,19,31,32,33,35,36,38,40} accuracy is 76.7%
	Using feature(s) {2,4,5,6,10,14,19,31,32,33,35,36,38,39} accuracy is 78.1%

Feature set {2,4,5,6,10,19,31,32,33,35,36,38,39,40} was best, accuracy is 79.2%

	Using feature(s) {4,5,6,10,19,31,32,33,35,36,38,39,40} accuracy is 75.7%
	Using feature(s) {2,5,6,10,19,31,32,33,35,36,38,39,40} accuracy is 78.2%
	Using feature(s) {2,4,6,10,19,31,32,33,35,36,38,39,40} accuracy is 76.6%
	Using feature(s) {2,4,5,10,19,31,32,33,35,36,38,39,40} accuracy is 74.2%
	Using feature(s) {2,4,5,6,19,31,32,33,35,36,38,39,40} accuracy is 76.3%
	Using feature(s) {2,4,5,6,10,31,32,33,35,36,38,39,40} accuracy is 77.5%
	Using feature(s) {2,4,5,6,10,19,32,33,35,36,38,39,40} accuracy is 78.2%
	Using feature(s) {2,4,5,6,10,19,31,33,35,36,38,39,40} accuracy is 77.7%
	Using feature(s) {2,4,5,6,10,19,31,32,35,36,38,39,40} accuracy is 76.2%
	Using feature(s) {2,4,5,6,10,19,31,32,33,36,38,39,40} accuracy is 77.4%
	Using feature(s) {2,4,5,6,10,19,31,32,33,35,38,39,40} accuracy is 76.5%
	Using feature(s) {2,4,5,6,10,19,31,32,33,35,36,39,40} accuracy is 76.9%
	Using feature(s) {2,4,5,6,10,19,31,32,33,35,36,38,40} accuracy is 75.3%
	Using feature(s) {2,4,5,6,10,19,31,32,33,35,36,38,39} accuracy is 78.2%

(Warning, Accuracy has decreased! Continuing search in case of local maxima)
Feature set {2,5,6,10,19,31,32,33,35,36,38,39,40} was best, accuracy is 78.2%

	Using feature(s) {5,6,10,19,31,32,33,35,36,38,39,40} accuracy is 76.7%
	Using feature(s) {2,6,10,19,31,32,33,35,36,38,39,40} accuracy is 77.4%
	Using feature(s) {2,5,10,19,31,32,33,35,36,38,39,40} accuracy is 76%
	Using feature(s) {2,5,6,19,31,32,33,35,36,38,39,40} accuracy is 75.9%
	Using feature(s) {2,5,6,10,31,32,33,35,36,38,39,40} accuracy is 78.4%
	Using feature(s) {2,5,6,10,19,32,33,35,36,38,39,40} accuracy is 77.8%
	Using feature(s) {2,5,6,10,19,31,33,35,36,38,39,40} accuracy is 77.5%
	Using feature(s) {2,5,6,10,19,31,32,35,36,38,39,40} accuracy is 75.4%
	Using feature(s) {2,5,6,10,19,31,32,33,36,38,39,40} accuracy is 77.6%
	Using feature(s) {2,5,6,10,19,31,32,33,35,38,39,40} accuracy is 75.6%
	Using feature(s) {2,5,6,10,19,31,32,33,35,36,39,40} accuracy is 76.5%
	Using feature(s) {2,5,6,10,19,31,32,33,35,36,38,40} accuracy is 77.6%
	Using feature(s) {2,5,6,10,19,31,32,33,35,36,38,39} accuracy is 77.4%

(Warning, Accuracy has decreased! Continuing search in case of local maxima)
Feature set {2,5,6,10,31,32,33,35,36,38,39,40} was best, accuracy is 78.4%

	Using feature(s) {5,6,10,31,32,33,35,36,38,39,40} accuracy is 77.6%
	Using feature(s) {2,6,10,31,32,33,35,36,38,39,40} accuracy is 76.9%
	Using feature(s) {2,5,10,31,32,33,35,36,38,39,40} accuracy is 74.2%
	Using feature(s) {2,5,6,31,32,33,35,36,38,39,40} accuracy is 75.5%
	Using feature(s) {2,5,6,10,32,33,35,36,38,39,40} accuracy is 76.9%
	Using feature(s) {2,5,6,10,31,33,35,36,38,39,40} accuracy is 77.4%
	Using feature(s) {2,5,6,10,31,32,35,36,38,39,40} accuracy is 76.7%
	Using feature(s) {2,5,6,10,31,32,33,36,38,39,40} accuracy is 78%
	Using feature(s) {2,5,6,10,31,32,33,35,38,39,40} accuracy is 76.3%
	Using feature(s) {2,5,6,10,31,32,33,35,36,39,40} accuracy is 77.2%
	Using feature(s) {2,5,6,10,31,32,33,35,36,38,40} accuracy is 76.8%
	Using feature(s) {2,5,6,10,31,32,33,35,36,38,39} accuracy is 78.6%

(Warning, Accuracy has decreased! Continuing search in case of local maxima)
Feature set {2,5,6,10,31,32,33,35,36,38,39} was best, accuracy is 78.6%

	Using feature(s) {5,6,10,31,32,33,35,36,38,39} accuracy is 79.4%
	Using feature(s) {2,6,10,31,32,33,35,36,38,39} accuracy is 77.6%
	Using feature(s) {2,5,10,31,32,33,35,36,38,39} accuracy is 73.5%
	Using feature(s) {2,5,6,31,32,33,35,36,38,39} accuracy is 75%
	Using feature(s) {2,5,6,10,32,33,35,36,38,39} accuracy is 79.5%
	Using feature(s) {2,5,6,10,31,33,35,36,38,39} accuracy is 78.7%
	Using feature(s) {2,5,6,10,31,32,35,36,38,39} accuracy is 78.9%
	Using feature(s) {2,5,6,10,31,32,33,36,38,39} accuracy is 79%
	Using feature(s) {2,5,6,10,31,32,33,35,38,39} accuracy is 76.6%
	Using feature(s) {2,5,6,10,31,32,33,35,36,39} accuracy is 76.9%
	Using feature(s) {2,5,6,10,31,32,33,35,36,38} accuracy is 78.2%

Feature set {2,5,6,10,32,33,35,36,38,39} was best, accuracy is 79.5%

	Using feature(s) {5,6,10,32,33,35,36,38,39} accuracy is 81%
	Using feature(s) {2,6,10,32,33,35,36,38,39} accuracy is 78.6%
	Using feature(s) {2,5,10,32,33,35,36,38,39} accuracy is 73.9%
	Using feature(s) {2,5,6,32,33,35,36,38,39} accuracy is 75.7%
	Using feature(s) {2,5,6,10,33,35,36,38,39} accuracy is 79%
	Using feature(s) {2,5,6,10,32,35,36,38,39} accuracy is 79%
	Using feature(s) {2,5,6,10,32,33,36,38,39} accuracy is 80.2%
	Using feature(s) {2,5,6,10,32,33,35,38,39} accuracy is 79.3%
	Using feature(s) {2,5,6,10,32,33,35,36,39} accuracy is 79.8%
	Using feature(s) {2,5,6,10,32,33,35,36,38} accuracy is 76.9%

Feature set {5,6,10,32,33,35,36,38,39} was best, accuracy is 81%

	Using feature(s) {6,10,32,33,35,36,38,39} accuracy is 79.9%
	Using feature(s) {5,10,32,33,35,36,38,39} accuracy is 72.4%
	Using feature(s) {5,6,32,33,35,36,38,39} accuracy is 75.5%
	Using feature(s) {5,6,10,33,35,36,38,39} accuracy is 81.4%
	Using feature(s) {5,6,10,32,35,36,38,39} accuracy is 80.2%
	Using feature(s) {5,6,10,32,33,36,38,39} accuracy is 81.5%
	Using feature(s) {5,6,10,32,33,35,38,39} accuracy is 78.7%
	Using feature(s) {5,6,10,32,33,35,36,39} accuracy is 82%
	Using feature(s) {5,6,10,32,33,35,36,38} accuracy is 80.1%

Feature set {5,6,10,32,33,35,36,39} was best, accuracy is 82%

	Using feature(s) {6,10,32,33,35,36,39} accuracy is 82.2%
	Using feature(s) {5,10,32,33,35,36,39} accuracy is 72.1%
	Using feature(s) {5,6,32,33,35,36,39} accuracy is 75.9%
	Using feature(s) {5,6,10,33,35,36,39} accuracy is 83.5%
	Using feature(s) {5,6,10,32,35,36,39} accuracy is 82.9%
	Using feature(s) {5,6,10,32,33,36,39} accuracy is 82.5%
	Using feature(s) {5,6,10,32,33,35,39} accuracy is 80.5%
	Using feature(s) {5,6,10,32,33,35,36} accuracy is 82.1%

Feature set {5,6,10,33,35,36,39} was best, accuracy is 83.5%

	Using feature(s) {6,10,33,35,36,39} accuracy is 83%
	Using feature(s) {5,10,33,35,36,39} accuracy is 71.1%
	Using feature(s) {5,6,33,35,36,39} accuracy is 76.3%
	Using feature(s) {5,6,10,35,36,39} accuracy is 85%
	Using feature(s) {5,6,10,33,36,39} accuracy is 85%
	Using feature(s) {5,6,10,33,35,39} accuracy is 83%
	Using feature(s) {5,6,10,33,35,36} accuracy is 82.6%

Feature set {5,6,10,35,36,39} was best, accuracy is 85%

	Using feature(s) {6,10,35,36,39} accuracy is 89.3%
	Using feature(s) {5,10,35,36,39} accuracy is 73.2%
	Using feature(s) {5,6,35,36,39} accuracy is 77%
	Using feature(s) {5,6,10,36,39} accuracy is 86.9%
	Using feature(s) {5,6,10,35,39} accuracy is 87%
	Using feature(s) {5,6,10,35,36} accuracy is 87.3%

Feature set {6,10,35,36,39} was best, accuracy is 89.3%

	Using feature(s) {10,35,36,39} accuracy is 73.7%
	Using feature(s) {6,35,36,39} accuracy is 78.7%
	Using feature(s) {6,10,36,39} accuracy is 90.6%
	Using feature(s) {6,10,35,39} accuracy is 89.5%
	Using feature(s) {6,10,35,36} accuracy is 90.2%

Feature set {6,10,36,39} was best, accuracy is 90.6%

	Using feature(s) {10,36,39} accuracy is 72.5%
	Using feature(s) {6,36,39} accuracy is 82.2%
	Using feature(s) {6,10,39} accuracy is 93.5%
	Using feature(s) {6,10,36} accuracy is 93.8%

Feature set {6,10,36} was best, accuracy is 93.8%

	Using feature(s) {10,36} accuracy is 74.8%
	Using feature(s) {6,36} accuracy is 82.7%
	Using feature(s) {6,10} accuracy is 96.8%

Feature set {6,10} was best, accuracy is 96.8%

	Using feature(s) {10} accuracy is 73.5%
	Using feature(s) {6} accuracy is 82.4%

(Warning, Accuracy has decreased! Continuing search in case of local maxima)
Feature set {6} was best, accuracy is 82.4%

Finished search!! The best feature subset is {6,10}, which has an accuracy of 96.8%
