  2.0000000e+000  3.6031940e+000  3.0011372e+000  1.9195684e+000  5.3120753e+000  3.4621732e+000  3.7378275e+000  3.7952583e+000  4.1044938e+000  3.0514347e+000  2.6450047e+000
  2.0000000e+000  4.2088164e+000  4.4606759e+000  4.6520444e+000  1.5628999e+000  3.0296992e+000  1.4292833e+000  3.1608659e+000  2.2995289e+000  1.7269628e+000  2.8033492e+000
  2.0000000e+000  2.4970349e+000  2.8078124e+000  3.2553850e+000  1.9787736e+000  1.7149218e+000  3.4816086e+000  1.0859435e+000  1.1613290e+000  2.3201924e+000  3.1248606e+000
  2.0000000e+000  3.3290557e+000  2.9757052e+000  3.5231405e+000  2.8141686e+000  3.5036652e+000  3.2665885e+000  2.0100261e+000  3.0846980e+000  4.5097406e+000  2.6599356e+000
  2.0000000e+000  2.3426728e+000  4.0161870e+000  2.6485153e+000  2.5059552e+000  4.3189829e+000  3.8482770e+000  4.5082248e+000  3.1265113e+000  9.1752074e-001  2.7239764e+000
  2.0000000e+000  1.5029105e+000  1.9731684e+000  2.6669571e+000  4.2621349e+000  4.4355948e-002  2.9489323e+000  4.1915890e+000  2.6878637e+000  2.9538202e+000  3.9321164e+000
  1.0000000e+000  3.1040811e+000  4.9147667e+000  4.1105691e+000  4.1391235e+000  4.9316365e+000  4.9808683e+000  4.6088249e+000  3.8221580e+000  3.1048551e+000  1.3497442e+000
  1.0000000e+000  2.3863423e+000  1.8930525e+000  3.0833087e+000  3.0459598e+000  1.5434812e+000  4.0859847e+000  3.1017658e+000  3.0989020e+000  3.1352061e+000  2.3243056e+000
  2.0000000e+000  3.5070374e+000  1.8466503e+000  3.6820152e+000  3.3837518e+000  2.3246061e+000  3.8886869e+000  2.4402003e+000  2.7413432e+000  2.0436884e+000  3.8581729e+000
  2.0000000e+000  1.3644869e+000  2.5597645e+000  1.9155936e+000  2.8499214e+000  3.8714979e+000  3.0534281e+000  3.1080355e+000  2.6774874e+000  4.0448840e+000  1.5240116e+000
  2.0000000e+000  3.4954278e+000  1.2776353e+000  2.7880040e+000  5.5070288e+000  1.3598836e+000  4.1352538e+000  2.1049075e+000  4.1073637e+000  1.8046358e+000  3.7262705e+000
  2.0000000e+000  2.9051045e+000  2.2174389e+000  3.4302677e+000  2.3341666e+000  3.2923160e+000  2.4041480e+000  3.1018150e+000  1.8351858e+000  2.3734600e+000  4.1051801e+000
  2.0000000e+000  3.4369311e+000  2.0259266e+000  5.1840992e+000  1.7069530e+000  2.8062974e+000  2.5557637e+000  2.2950535e+000  1.3036097e+000  5.6482848e+000  2.5238066e+000
  2.0000000e+000  2.0134370e+000  4.2154153e+000  3.3538813e+000  2.6834644e+000  3.3111551e+000  5.5097358e+000  2.6325628e+000  4.2355457e+000  3.0573018e+000  3.1024310e+000
  2.0000000e+000  4.3583826e+000  4.5044301e+000  4.1147984e+000  2.8624081e+000  3.7808322e+000  4.2429522e+000  2.7342677e+000  1.3652242e+000  2.9721352e+000  1.9754272e+000
  2.0000000e+000  4.0333895e+000  2.5876380e+000  5.3938928e+000  3.4311807e+000  2.7736605e+000  2.2879245e+000  4.2838879e+000  2.6830604e+000  4.8528045e+000  3.8502879e+000
  2.0000000e+000  3.1075046e+000  4.5191558e+000  3.0183668e+000  3.5566843e+000  1.7403034e+000  9.7712710e-001  3.5190573e+000  2.0310308e+000  2.3056739e+000  3.1948842e+000
  2.0000000e+000  4.4424165e+000  5.0551399e+000  4.3095892e+000  2.7689728e+000  3.6783127e+000  3.0812864e+000  2.3364168e+000  4.8561083e+000  2.4094860e+000  2.5314552e+000
  1.0000000e+000  2.6111507e+000  2.5885194e+000  3.5190610e+000  2.9877447e+000  3.4868421e+000  3.2446853e+000  1.9157270e+000  3.2498492e+000  2.3111375e+000  2.1362611e+000
  2.0000000e+000  2.3814501e+000  3.4128882e+000  2.8843849e+000  3.7630577e+000  3.0647511e+000  3.2016601e+000  2.7886518e+000  2.0351934e+000  2.8382303e+000  4.9024231e+000
  1.0000000e+000  2.8117702e+000  3.6587267e+000  1.6401350e+000  8.3358441e-001  2.4577973e+000  3.9775181e+000  3.3634682e+000  3.7706357e+000  3.1028279e+000  2.3513804e+000
  2.0000000e+000  4.0940597e+000  2.7392611e+000  9.3104705e-001  2.9675871e+000  3.0840072e+000  1.3575146e+000  5.3382132e+000  1.9710401e+000  4.2166980e+000  3.5833028e+000
  2.0000000e+000  3.3172550e+000  4.3014833e+000  3.1186898e+000  3.9801150e+000  5.8885543e-001  3.8294940e+000  4.4592954e+000  5.1550689e+000  2.3249381e+000  3.4672251e+000
  2.0000000e+000  3.6564227e+000  2.8694430e+000  3.2252437e+000  7.6355818e-001  1.6251440e+000  3.6313317e+000  4.2029955e+000  2.9607269e+000  1.0521360e+000  3.2203519e+000
  2.0000000e+000  1.0385341e+000  2.2287360e+000  2.0778947e+000  1.2101223e+000  4.3843485e+000  2.8270821e+000  3.0780155e+000  4.1371624e+000  2.9985162e+000  3.3009978e+000
  2.0000000e+000  2.6875292e+000  3.3248443e+000  3.6676653e+000  2.5791626e+000  4.8476944e+000  2.7560177e+000  4.7414227e+000  2.4973867e+000  4.1531176e+000  4.6116820e+000
  1.0000000e+000  3.3108460e+000  1.9875582e+000  3.2856893e+000 -3.0407304e-001  3.5097926e+000  2.1305038e+000  2.1321081e+000  3.6043461e+000  2.4646565e+000  3.6365534e+000
  2.0000000e+000  2.6915855e+000  3.0499935e+000  4.2860114e+000  2.3552731e+000  4.9308652e+000  2.9473706e+000  2.5572735e+000  2.1014925e+000  1.7802365e+000  4.0762558e+000
  2.0000000e+000  3.5131366e+000  3.3847092e+000  2.3613637e+000  2.5573405e+000  3.6342806e+000  3.4718881e+000  4.2987073e+000  4.2946441e+000  3.3277393e+000  3.0263339e+000
  2.0000000e+000  3.0642129e+000  2.8894856e+000  2.9381930e+000  2.1032558e+000  3.9028941e+000  3.9038128e+000  3.1368161e+000  3.3067993e+000  4.1531181e+000  3.6595868e+000
  2.0000000e+000  1.6960822e+000  4.1293577e+000  3.1061755e+000  3.1387737e+000  3.5360314e+000  1.1567627e+000  4.4164650e+000  2.5472232e+000  1.9364964e+000  3.4618888e+000
  1.0000000e+000  3.8984873e+000  3.4828918e+000  4.2413626e+000  2.6418718e+000  3.6056139e+000  3.3141457e+000  4.1560837e+000  3.2424760e+000  2.8180259e+000  4.1845131e+000
  2.0000000e+000  3.4248497e+000  2.9584819e+000  3.2747555e+000  3.9527218e+000  3.8847974e+000  3.2308158e+000  2.2576940e+000  2.9102985e+000  3.6564646e+000  4.0435018e+000
  2.0000000e+000  1.9811397e+000  4.1903446e+000  2.3825681e+000  1.8851034e+000  2.3082022e+000  1.5956219e+000  2.6529851e+000  2.2460507e+000  3.0599608e+000  3.9409062e+000
  2.0000000e+000  2.4544885e+000  2.8759902e+000  3.0669752e+000  1.9283221e+000  2.7479169e+000  1.9465481e+000  1.6153967e+000  3.6637152e+000  4.6616226e+000  2.8465342e+000
  2.0000000e+000  5.0932656e+000  3.9598060e+000  2.2392884e+000  2.8542413e+000  1.1489852e+000  4.0320837e+000  1.7437941e+000  2.6908482e+000  2.4646423e+000  2.5485403e+000
  2.0000000e+000  1.9828689e+000  2.8418434e+000  2.5038872e+000  2.4073636e+000  3.7343547e+000  4.6805863e+000  2.3410704e+000  1.5982787e+000  3.7888551e+000  5.0654543e+000
  2.0000000e+000  3.5478404e+000  4.3909494e+000  1.7293482e+000  1.1219584e+000  2.1026773e+000  1.8981992e+000  3.0575007e+000  2.5776854e+000  3.7824163e+000  2.7768719e+000
  1.0000000e+000  1.2878419e+000  4.5719863e+000  2.0464738e+000  2.2442820e+000  3.6536532e+000  1.9775103e+000  3.4475723e+000  3.3782776e+000  2.9355924e+000  3.2602698e+000
  2.0000000e+000  1.8822117e+000  2.7088392e+000  4.6823167e+000  4.0735983e+000  1.9296698e+000  4.8289072e+000  2.3141750e+000  3.6553057e+000  2.3394824e-001  4.2838139e+000
  2.0000000e+000  2.6239902e+000  1.9180768e+000  1.4780094e+000  2.1196967e+000  3.3912107e+000  1.6701349e+000  1.8152590e+000  1.4447409e+000  2.8944584e+000  1.5098754e+000
  2.0000000e+000  2.0855501e+000  2.3502018e+000  4.4348439e+000  3.0846323e+000  2.5027306e+000  3.1718059e+000  3.3912764e+000  2.5184654e+000  2.5960543e+000  1.1908457e+000
  2.0000000e+000  3.6588974e+000  3.2460062e+000  2.8278265e+000  4.3587898e+000  2.9003700e+000  2.7195722e+000  2.8956932e+000  1.5902683e+000  2.8405872e+000  3.7302585e+000
  1.0000000e+000  3.2934001e+000  1.6886214e+000  1.5766180e+000  2.7114433e+000  3.2081625e+000  3.7830975e+000  2.9963090e+000  3.2877135e+000  2.4326514e+000  3.6598821e+000
  2.0000000e+000  2.3984755e+000  2.9448417e+000  4.4220994e+000  2.9133960e+000  3.7933085e+000  3.3440083e+000  1.3742411e+000  2.4920633e+000  2.4235292e+000  3.0952181e+000
  2.0000000e+000  1.7403117e+000  4.0135746e+000  3.2261646e+000  1.0063732e+000  3.2642672e+000  4.0045797e+000  3.5356009e+000  1.8686027e+000  2.9819004e+000  4.0064985e+000
  2.0000000e+000  1.6968451e+000  1.5470190e+000  2.5845975e+000  2.4256047e+000  3.2314055e+000  2.0594517e+000  2.5018264e+000  3.9740842e+000  3.5444415e+000  3.7758295e+000
  2.0000000e+000  4.9229686e+000  3.3897895e+000  2.5179040e+000  2.3236313e+000  4.4399727e+000  5.8886467e-001  4.0624712e+000  3.2598795e+000  1.1726661e+000  3.4717773e+000
  2.0000000e+000  2.5062631e+000  3.2476871e+000  6.4454108e-001  2.6970735e+000  4.2133578e+000  3.3954188e+000  2.3471565e+000  3.3787595e+000  4.6931319e+000  3.9685517e+000
  1.0000000e+000  3.2588995e+000  2.9000458e+000  3.1799861e+000  2.1229494e+000  2.0453884e+000  2.0774393e+000  1.4906938e+000  3.2137624e+000  2.6985352e+000  3.4054524e+000
  2.0000000e+000  2.8041982e+000  4.9279163e+000  3.2140545e+000  1.7992464e+000  2.2481319e+000  2.6464670e+000  2.9795344e+000  2.9797422e+000  2.0419476e+000  3.4025920e+000
  2.0000000e+000  2.4100711e+000  4.5563065e+000  3.5210691e+000  2.7637241e+000  2.2911535e+000  3.6428183e+000  2.9804780e+000  2.1012384e+000  3.8281321e+000  2.7674927e+000
  2.0000000e+000  5.4984899e+000  2.7899616e+000  3.0776302e+000  1.3588895e+000  1.1559772e+000  3.2793285e+000  2.8596955e+000  2.9738021e+000  2.6622014e+000  2.1565006e+000
  2.0000000e+000  2.6667950e+000  4.7656342e+000  2.0796326e+000 -1.4715447e-001  2.9746998e+000  2.9128575e+000  3.0186824e+000  1.0283614e+000  2.4494794e+000  2.9501743e+000
  1.0000000e+000  3.9627856e+000  3.6729817e+000  4.3375706e+000  3.6349991e+000  3.0767219e+000  1.8073354e+000  3.5045140e+000  3.8007051e+000  3.0301813e+000  5.5655854e-001
  2.0000000e+000  2.6801341e+000  3.4369272e+000  4.1182262e+000  4.5131658e+000  2.4208533e+000  3.7190597e+000  2.3285362e+000  2.2849931e+000  2.9871076e+000  3.2981308e+000
  2.0000000e+000  4.0355565e+000  2.1489312e+000  3.9547610e+000  2.2872746e+000  3.8534792e+000  3.1048471e+000  3.9465440e+000  1.9547198e+000  3.9933819e+000  2.9307641e+000
  2.0000000e+000  5.3092038e+000  1.8229891e+000  1.2368330e+000  4.4934187e+000  3.7099590e+000  2.6947509e+000  2.2843802e+000  2.2974550e+000  3.9738564e+000  1.5872645e+000
  1.0000000e+000  2.1074786e+000  3.4958182e+000  2.2117311e+000  4.5582762e+000  2.4375297e+000  3.5149811e+000  3.1025415e+000  3.9047103e+000  2.9402392e+000  3.5703916e+000
  2.0000000e+000  2.7278353e+000  3.2555804e+000  2.6221948e+000  2.4099539e+000  3.8940272e+000  2.8202534e+000 -1.4554682e-002  3.2240650e+000  4.9873108e+000  3.6744488e+000
  2.0000000e+000  1.5802160e+000  3.7480190e+000  3.3642007e+000  1.9810936e+000  3.0442125e+000  1.7563112e+000  2.6703803e+000  2.0102270e+000  4.4763730e+000  4.1153534e+000
  2.0000000e+000  2.6956529e+000  3.3975833e+000  1.9769661e+000  2.6976851e+000  2.6416324e+000  1.5999321e+000  6.5649903e-001  3.8568221e+000  3.1288219e+000  2.1718927e+000
  1.0000000e+000  3.9651395e+000  3.0829455e+000  3.7511113e+000  2.3821118e+000  3.6720043e+000  4.4908817e+000  2.9657349e+000  3.2430497e+000  3.6174271e+000  3.3510147e+000
  2.0000000e+000  3.9148466e+000  5.1124863e+000  2.1169181e+000  2.2483700e+000  3.2925845e+000  3.7057510e+000  4.1957227e+000  1.8046250e+000  2.8064719e+000  3.5049102e+000
  2.0000000e+000  1.9474695e+000  3.4100573e+000  4.0543602e+000  2.9607869e+000  2.7349673e+000  3.0433952e+000  2.2061652e+000  1.8232182e+000  8.3304853e-001  3.7868933e+000
  2.0000000e+000  3.5029230e+000  3.6665662e+000  1.8738919e+000  1.8649055e+000  2.9997501e+000  3.3922763e+000  1.0242409e+000  7.0252416e+000  2.2893982e+000  1.8813900e+000
  1.0000000e+000  7.3011233e-001  2.4788127e+000  3.8071433e+000  2.2226786e+000  2.6838382e+000  4.3225291e+000  2.9880597e+000  3.4416396e+000  2.2656341e+000  2.6871617e+000
  2.0000000e+000  4.5096817e+000  3.4215255e+000  2.6204905e+000  8.7483709e-001  2.9876566e+000  3.9840252e+000  3.5119710e+000  9.9489625e-001  2.9004740e+000  3.4574878e+000
  1.0000000e+000  3.6201574e+000  3.9280242e+000  7.0201401e-001  9.6104254e-001  2.6170443e+000  2.7139146e+000  3.2727308e+000  3.3030261e+000  3.5929060e+000  2.4412547e+000
  2.0000000e+000  2.7396001e+000  3.8681875e+000  2.2143428e+000  4.1427827e+000  1.7363550e+000  3.9902501e+000  4.1857226e+000  2.6962859e+000  4.1139224e+000  2.7445211e+000
  2.0000000e+000  3.0980363e+000  2.7919370e+000  4.1927065e+000  4.3220327e+000  3.8626901e+000  2.2259708e+000  8.6421022e-001  4.7592616e+000  1.9716806e+000  2.9752577e+000
  2.0000000e+000  2.5537113e+000  3.3972030e+000  4.8178370e+000  5.7538588e+000  4.7039995e+000  3.9726320e+000  2.5728321e+000  2.5500791e+000  1.6916657e+000  2.7803108e+000
  2.0000000e+000  4.9333204e+000  2.8883720e+000  4.7713317e+000  3.3287498e+000  3.6049280e+000  4.6013909e+000  3.2687279e+000  1.2979015e+000  2.6596217e+000  2.1927732e+000
  2.0000000e+000  2.7041979e+000  1.4428014e+000  4.9027232e+000  4.0482701e+000  3.0458788e+000  3.2641429e+000  4.6145989e+000  2.1536322e+000  2.8879324e+000  2.3033187e+000
  1.0000000e+000  4.2145241e+000  2.1914493e+000  2.5258215e+000  3.7861351e+000  3.3865062e+000  3.5949917e+000  3.2981304e+000  3.4346433e+000  3.2160116e+000  2.4946976e+000
  2.0000000e+000  1.8641852e+000  2.0360267e+000  2.5801371e+000  1.5666962e+000  2.8756940e+000  2.9159361e+000  4.4579904e+000  2.9953941e+000  3.1383761e+000  1.9674722e+000
  2.0000000e+000  3.6000854e+000  3.8624445e+000  3.2092503e+000  2.2479559e+000  2.8695137e+000  4.4764003e+000  4.0693404e+000  5.5182626e+000  4.7594514e+000  2.0307645e+000
  2.0000000e+000  1.4420020e+000  4.1240583e+000  4.0525772e+000  3.2556731e+000  3.1943144e+000  2.8602993e+000  3.0171761e+000  2.6383095e+000  2.2135924e+000  3.1008424e+000
  2.0000000e+000  4.7153663e+000  4.9227270e+000  3.5736763e+000  2.5857389e+000  1.7845565e+000  2.7812952e+000  2.2208309e+000  2.3200543e+000  2.8615142e+000  1.7235908e+000
  2.0000000e+000  4.7139147e+000  3.7676196e+000  3.6561841e+000  3.6938702e+000  3.2080800e+000  3.9379879e+000  4.9370560e+000  2.2918513e+000  3.1242867e+000  4.0765686e+000
  2.0000000e+000  2.8446170e+000  3.0422986e+000  1.9412052e+000  4.9198953e+000  2.6914482e+000  2.5233930e+000  4.2492400e+000  1.9198322e+000  2.7432055e+000  3.3498018e+000
  2.0000000e+000  3.1516475e+000  2.8959661e+000  3.5519195e+000  3.9639353e+000  3.1906516e+000  2.6770570e+000  2.5258497e+000  4.3941913e+000  5.4082590e-001  1.9413256e+000
  2.0000000e+000  3.1686872e+000  4.5636937e+000  4.2803225e+000  2.9435187e+000  1.8188574e+000  3.8509969e+000  2.9764282e+000  3.6422789e+000  8.3811972e-001  2.8743352e+000
  2.0000000e+000  3.0245550e+000  1.8689756e+000  3.3011394e+000  2.3004025e+000  2.7525849e+000  2.6964961e+000  1.1509286e+000  2.6520270e+000  1.3097704e+000  1.2715529e+000
  2.0000000e+000  4.1527506e+000  2.6003633e+000  3.1738141e+000  3.9358743e+000  5.0219248e-001  2.5750744e+000  2.6678868e+000  3.7133538e+000  4.3403230e+000  3.1798656e+000
  2.0000000e+000  1.2614944e+000  4.1481173e+000  2.6009395e+000  2.8571027e+000  3.8618083e+000  3.4284976e+000  2.8412149e+000  2.5316338e+000  1.9196807e+000  1.3274765e+000
  2.0000000e+000  2.6595233e-001  1.9668972e+000  2.5359551e+000  2.7774747e+000  3.0255773e+000  3.1007202e+000  2.7123171e+000  8.1952881e-001 -2.3902221e-001  2.3655126e+000
  2.0000000e+000  4.0729098e+000  3.4053668e+000  4.4977200e+000  2.8220665e+000  4.1884249e+000  3.6236894e+000  2.0462007e+000  1.9076391e+000  1.5753470e+000  2.4837958e+000
  2.0000000e+000  2.2975205e+000  3.7496074e+000  2.0077148e+000  2.6071577e+000  4.2911951e+000  2.8521315e+000  1.0428876e+000  6.3264230e-001  3.7677240e+000  1.9095456e+000
  1.0000000e+000  3.0652685e+000  3.1025629e+000  1.1399572e+000  4.6930998e+000  1.3319902e+000  2.2422824e+000  2.8467599e+000  3.0116593e+000  2.5067764e+000  9.8547805e-001
  1.0000000e+000  2.2573310e+000  3.9965008e+000  3.3065462e+000  2.1140441e+000  1.6958516e+000  4.1942221e+000  2.1092566e+000  3.7437041e+000  2.8532582e+000  1.4037022e+000
  1.0000000e+000  3.3303755e+000  3.3496250e+000  3.9433850e+000  3.8274735e+000  3.4284323e+000  4.4296821e+000  3.5776430e+000  3.1621369e+000  3.6573458e+000  2.4754490e+000
  2.0000000e+000  3.0930290e+000  5.6473200e+000  3.1245085e+000  4.1728101e+000  1.5509989e+000  4.2862035e+000  2.4987870e+000  2.8431389e+000  2.6327451e+000  2.5562266e+000
  2.0000000e+000  3.7990017e+000  2.9147085e+000  2.7928963e+000  2.0699039e+000  3.8074515e+000  3.4000891e+000  3.1965173e+000  1.6478692e+000  3.9543382e+000  1.1554716e+000
  2.0000000e+000  3.8242418e+000  3.5162652e+000  3.6828712e+000  2.8477005e+000  2.6574391e+000  4.5722582e+000  1.8468794e+000  2.7316284e+000  3.9467877e+000  2.9444275e+000
  1.0000000e+000  4.2712008e+000  4.5160599e+000  2.6139877e+000  1.9406772e+000  2.9440111e+000  4.0910968e+000  3.5894530e+000  3.6546298e+000  2.7193977e+000  3.3454222e+000
  2.0000000e+000  3.2262402e+000  4.0510960e+000  2.7718853e+000  3.5789358e+000  1.6006583e+000  4.1195951e+000  4.6700831e+000  5.1014190e+000  1.8953908e+000  2.2387740e+000
  1.0000000e+000  2.7087436e+000  2.2239252e+000  2.2480627e+000  3.7662558e+000  3.5663322e+000  2.8084863e+000  4.2781472e+000  3.3297905e+000  2.6242185e+000  3.7216565e+000
  2.0000000e+000  4.2278718e+000  2.8141204e+000  2.6032266e+000  3.5023466e+000  2.5874364e+000  5.0750575e+000  9.7116041e-001  3.0707043e+000  3.2362712e+000  1.9191002e+000
  1.0000000e+000  2.8566358e+000  3.2711227e+000  5.0035478e+000  2.2876134e+000  1.1219739e+000  4.1280522e+000  3.3209924e+000  3.5938158e+000  2.9143463e+000  2.2589815e+000
