  2.0000000e+000  4.0936489e+000  5.2960905e-001  2.1323599e+000  4.2822374e+000  3.5819218e+000  2.5301126e+000  3.3380930e+000  3.7213750e+000  3.5964641e+000  4.9021387e+000
  2.0000000e+000  2.7842703e+000  4.0905584e+000  3.2354566e+000  3.2049109e+000  3.5841693e+000  1.7779438e+000  1.2618230e+000  2.9509573e+000  3.1708859e+000  1.9244496e+000
  2.0000000e+000  1.9049394e+000  3.9760900e+000  2.5167463e+000  3.3477118e+000  1.7216984e+000  2.5017043e+000  1.9769580e+000  2.6762384e+000  1.3531096e+000  1.8087583e+000
  2.0000000e+000  1.6351073e+000  3.8520541e+000  1.8633073e+000  2.3780082e+000  2.5593572e+000  3.8133090e+000  2.2746013e+000  2.5612367e+000  3.3262420e+000  2.1460207e+000
  2.0000000e+000  3.1483259e+000  3.3216937e+000  1.9196129e+000  1.4928721e+000  3.8039535e+000  2.2975104e+000  2.4466119e+000  3.8176000e+000  3.3982319e+000  2.6733102e+000
  2.0000000e+000  2.9336491e+000  3.6417067e+000  4.0014610e+000  1.9852846e+000  3.5429152e+000  3.1810064e+000  2.7642025e+000  3.3302290e+000  1.8631457e+000  4.3749414e+000
  2.0000000e+000  4.1966601e+000  2.2873907e+000  3.2783349e+000  2.7807079e+000  2.8799817e+000  3.5078338e+000  4.1646840e+000  1.8297800e+000  5.1509410e+000  4.2568929e+000
  2.0000000e+000  2.3442122e+000  2.8927711e+000  4.2710850e+000  3.2346423e+000  2.5157937e+000  2.7941462e+000  4.1848896e+000  2.5381406e+000  4.9788105e+000  4.0896243e+000
  2.0000000e+000  2.5015511e+000  1.6205305e+000  3.0486657e+000  3.7679014e+000  2.9409974e+000  3.8096268e+000  3.2791726e+000  3.0762529e+000  3.2839825e+000  1.7527371e+000
  1.0000000e+000  3.6475002e+000  3.3396770e+000  3.8349314e+000  2.3708606e+000  4.4731708e+000  1.9035685e+000  3.2117916e+000  2.1647731e+000  3.6089271e+000  3.0245266e+000
  2.0000000e+000  2.5743148e+000  2.9206315e+000  4.3120868e+000  3.4555222e+000  4.2179608e+000  2.1225550e+000  1.8953092e+000  2.5997843e+000  3.9498491e+000  1.7204988e+000
  2.0000000e+000  3.0858017e+000  3.2389927e+000  1.7446010e+000  2.3308117e+000  4.2503265e+000  3.6508530e+000  3.2727479e+000  4.4840639e+000  3.5281157e+000  2.5180872e+000
  2.0000000e+000  3.3740549e+000  2.4005706e+000  2.1109054e+000  3.8287979e+000  3.3743268e+000  2.5127322e+000  3.2782489e+000  1.2071258e+000  3.0172229e+000  3.6690680e+000
  2.0000000e+000  2.8122239e+000  2.5194975e+000  2.6049395e+000  1.2580676e+000  3.6501615e+000  1.1380510e+000  2.9385769e+000  3.8018424e+000  3.4388934e+000  2.2753437e+000
  2.0000000e+000  2.7347719e+000  2.4703862e+000  4.1396213e+000  3.7533077e+000  3.5931897e+000  3.3949706e+000  9.0807514e-001  2.8821262e+000  3.9368289e+000  3.4716911e+000
  2.0000000e+000  2.3413359e+000  1.9040175e+000  5.1053054e+000  2.0024536e+000  3.4879910e+000  2.6243713e+000  2.6839263e+000  3.1982527e+000  2.6897200e+000  3.7618813e+000
  2.0000000e+000  3.5883999e+000  2.3643020e+000  2.5841146e+000  2.5870997e+000  5.0166432e-001  1.7524547e+000  1.8172031e+000  1.2207715e+000  4.1946129e+000  1.7572284e+000
  2.0000000e+000  3.0198510e+000  2.7896130e+000  3.0700117e+000  2.7824153e+000  4.9634441e+000  3.9621730e+000  4.1108261e+000  5.4903551e+000  3.2461488e+000  2.3303930e+000
  2.0000000e+000  1.9933755e+000  2.2503453e+000  3.6092934e+000  5.0847165e+000  2.3504793e+000  2.1189541e+000  2.3543547e+000  2.5104386e+000  4.0447174e+000  3.9823206e+000
  2.0000000e+000  3.4891238e+000  2.8518596e+000  2.9239470e+000  2.4687661e+000  3.9962370e+000  3.5529150e+000  2.2177307e+000  3.6610909e+000  2.2924170e+000  2.6554299e+000
  2.0000000e+000  4.1693770e+000  8.1765381e-001  1.8493449e+000  2.8725154e+000  4.4342519e+000  4.3643032e+000  2.6125062e+000  1.6034402e+000  3.1756036e+000  2.7062197e+000
  2.0000000e+000  2.1389957e+000  4.2656726e+000  2.9990995e+000  3.3734603e+000  3.0470854e+000  2.8693851e+000  3.6053297e+000  1.6262420e+000  3.6560547e+000  4.5843453e+000
  1.0000000e+000  3.1973667e+000  2.2082257e+000  2.2835356e+000  1.8573080e+000  9.5645850e-001  2.7336833e+000  1.4074830e+000  2.7365000e+000  3.9180630e+000  3.2685385e+000
  1.0000000e+000  1.6201068e+000  2.7194507e+000  3.6001976e+000  2.5784437e+000  4.1472433e+000  2.5171766e+000  4.0167162e+000  1.7099662e+000  2.6201681e+000  3.1813615e+000
  2.0000000e+000  2.3789645e+000  4.2377079e+000  1.6445218e+000  3.9815075e+000  2.0950757e+000  4.5346175e+000  2.1375255e+000  3.4735286e+000  1.7135705e+000  3.3748752e+000
  2.0000000e+000  2.1473308e+000  3.9133256e+000  2.8744948e+000  2.7592453e+000  2.5972793e+000  3.0709687e+000  3.2963106e+000  3.0722097e+000  4.1817275e+000  2.7626546e+000
  2.0000000e+000  2.9528413e+000  1.8723895e+000  2.1390220e+000  2.7726625e+000  3.9858509e+000  3.0751064e+000  3.9751436e+000  3.7078588e+000  3.4411883e+000  2.1347961e+000
  2.0000000e+000  3.1806858e+000  4.4541515e+000  4.1674555e+000  2.9071319e+000  3.8974839e+000  1.8243731e+000  2.0166286e+000  2.7447618e+000  2.6628227e+000  3.1671905e+000
  2.0000000e+000  3.3168058e+000  2.9742618e+000  4.3544705e+000  2.8548311e+000  2.4352007e+000  1.8647848e+000  2.9843891e+000  4.7768684e+000  3.2310111e+000  2.9343155e+000
  2.0000000e+000  2.3640377e+000  3.7667791e+000  5.0477714e+000  2.6397730e+000  1.3517172e+000  2.0413355e+000  3.5370071e+000  2.5618360e+000  4.9350950e+000  2.5392882e+000
  2.0000000e+000  4.1787917e+000  1.9230291e+000  3.2587006e+000  3.9580804e+000  3.8739952e+000  3.6262699e+000  2.6640609e+000  4.6297636e-001  1.6123888e+000  2.8629082e+000
  2.0000000e+000  1.8670483e+000  4.4764126e+000  4.2648323e+000  2.9932350e+000  3.3350592e+000  7.5084289e-001  1.8459849e+000  2.1151707e+000  1.2319295e+000  3.3243903e+000
  2.0000000e+000  3.9039072e+000  3.8994606e+000  4.7386341e+000  2.0126118e+000  4.0685060e+000  1.7609591e+000  2.6678229e+000  3.5293178e+000  2.2668378e+000  1.3498374e+000
  2.0000000e+000  3.3093871e+000  4.1026998e+000  3.3514053e+000  3.3167074e+000  3.1139079e+000  5.1611778e+000  2.8413199e+000  3.0044681e+000  4.3497443e+000  2.9070192e+000
  2.0000000e+000  3.8007981e+000  2.6890679e+000  2.7997082e+000  2.2527759e+000  3.0886947e+000  3.6592134e+000  1.7497061e+000  3.0321462e+000  2.4828684e+000  2.4485111e+000
  2.0000000e+000  2.5776387e+000  3.8298725e+000  4.8152283e+000  4.1837558e+000  3.2355084e+000  3.8057814e+000  3.3247999e+000  2.4368663e+000  2.4046477e+000  1.1630705e+000
  2.0000000e+000  3.4254286e+000  3.3818935e+000  2.2655970e+000  2.8002379e+000  2.9509841e+000  2.9233672e+000  1.9740375e+000  2.6320112e+000  2.5381444e+000  2.1630973e+000
  2.0000000e+000  3.5188209e+000  4.6350734e+000  4.3135249e+000  4.4550607e-001  1.6872514e+000  2.1825743e+000  2.8173673e+000  2.3968560e+000  2.7510100e+000  3.1981900e+000
  2.0000000e+000  3.0256840e+000  1.3515085e+000  4.4176069e+000  3.1795511e+000  3.0176652e+000  4.0082228e+000  3.8500830e+000  3.6853200e+000  1.6635166e+000  3.2155268e+000
  1.0000000e+000  1.5671825e+000  1.8094033e+000  2.9812939e+000  2.6010180e+000  3.7430864e+000  2.7653132e+000  1.9164932e+000  1.9471601e+000  2.9415180e+000  3.2341397e+000
  2.0000000e+000  1.9077555e+000  2.4834675e+000  1.8766758e+000  1.8716264e+000  3.4242382e+000  4.4059086e+000  2.9898109e-001  1.7269023e+000  3.3734568e+000  2.2686082e+000
  1.0000000e+000  2.5026227e+000  2.5043724e+000  2.1938561e+000  3.0950890e+000  1.6897735e+000  1.3670285e+000  2.5309879e+000  2.7346633e+000  5.5359333e+000  3.4842969e+000
  2.0000000e+000  2.9765996e+000  4.1976313e+000  2.8132223e+000  3.2201950e+000  2.0639893e+000  4.9276926e+000  1.7547997e+000  4.2545176e+000  4.9318922e+000  1.0286650e+000
  1.0000000e+000  2.1126487e+000  4.0850140e+000  2.5443209e+000  3.2894491e+000  3.2301919e+000  3.0978085e+000  4.6233439e+000  3.0105282e+000  2.1905591e+000  3.5452401e+000
  2.0000000e+000  1.7268184e+000  3.3009247e+000  3.5780615e+000  4.1586570e+000  2.3393407e+000  3.2909294e+000  3.3418709e+000  4.1263000e+000  4.3257644e+000  2.9765228e+000
  2.0000000e+000  2.7598897e+000  1.4608595e+000  3.1805630e+000  3.9239786e+000  1.5265487e+000  3.6778065e+000  2.7978387e+000  2.7737524e+000  4.1948163e+000  4.1766478e+000
  2.0000000e+000  3.3684350e+000  3.3346529e+000  2.9597183e+000  3.9777853e+000  2.9809529e+000  3.6126324e+000  2.1782639e+000  3.3492779e+000  2.6498181e+000  1.1730634e+000
  2.0000000e+000  3.0207764e+000  3.1182627e-001  4.6097314e+000  4.7065377e+000  3.4315938e+000  2.8837904e+000  4.4305020e+000  4.1844560e+000  8.1433177e-001  3.7507441e+000
  1.0000000e+000  3.1576171e+000  2.1826415e+000  3.2145043e+000  2.4495675e+000  2.3892426e+000  4.4293280e+000  4.3753994e+000  4.6389870e+000  2.7730155e+000  3.4401266e+000
  2.0000000e+000  2.8022061e+000  2.4719302e+000  2.0719870e+000  1.8912422e+000  2.2341594e+000  4.1036718e+000  4.4408291e+000  3.8005348e+000  2.6655688e+000  3.5083425e+000
  2.0000000e+000  2.2572414e+000  1.1707355e+000  4.9524086e+000  3.0388599e+000  2.8349773e+000  1.0858171e+000  2.3191420e+000  3.4321563e+000  3.6991400e+000  2.8913974e+000
  2.0000000e+000  3.7564732e+000  3.7548264e+000  4.3082459e+000  2.8515363e+000  1.1441005e+000  3.3916512e+000  1.8954733e+000  3.4563314e+000  2.8101698e+000  3.0075826e+000
  2.0000000e+000  2.7251153e+000  2.3591144e+000  2.6803151e+000  3.2867896e+000  3.1446048e+000  5.8959578e+000  3.2839834e+000  4.8550275e+000  3.5538708e+000  1.2562547e+000
  2.0000000e+000  1.8092684e+000  3.0707883e+000  5.9134439e+000  2.3206198e+000  5.7805048e-001  9.3107339e-001  4.1613729e+000  3.3299739e+000  3.1374112e+000  2.1115897e+000
  2.0000000e+000  2.9085053e+000  2.0619402e+000  5.1592647e+000  4.2055042e+000  2.7144369e+000  2.4044651e+000  4.9198738e-002  2.4410075e+000  3.5571845e+000  4.4151171e+000
  1.0000000e+000  3.4372069e+000  3.4006870e+000  2.7970176e+000  3.4147071e+000  3.3656147e+000  2.1779282e+000  3.0564831e+000  2.2901113e+000  1.3548130e+000  3.0252927e+000
  1.0000000e+000  5.4248002e+000  3.8127311e+000  3.1415562e+000  3.9853264e+000  1.0086350e+000  3.1783664e+000  2.5144434e+000  1.3710081e+000  2.7420872e+000  3.2359887e+000
  2.0000000e+000  3.3622733e+000  3.1022087e+000  3.5167193e+000  2.2914384e+000  3.0380072e+000  3.3460534e+000  2.1054865e+000  3.3651156e+000  4.8705964e+000  4.2101606e+000
  2.0000000e+000  2.7427581e+000  3.0102277e+000  4.2503208e+000  4.0425779e+000  3.8821629e+000  3.0672556e+000  3.4961174e+000  2.8585384e+000  4.0436679e+000  2.8408404e+000
  1.0000000e+000  5.9942044e+000  2.0163316e+000  3.3673930e+000  4.2301392e+000  3.4197813e+000  3.9608990e+000  1.4556953e+000  3.4425277e+000  3.0311165e+000  3.3012700e+000
  2.0000000e+000  2.0569767e+000  3.2444323e+000  4.7249743e+000  3.1230311e+000  1.9924178e+000  8.2837963e-001  2.3968950e+000  3.3566221e+000  4.7137174e+000  3.2296376e+000
  2.0000000e+000  3.7626117e+000  3.3004802e+000  5.0528207e+000  2.3906941e+000  3.4986096e+000  2.6357125e+000  3.4090691e+000  3.1362896e+000  1.4808917e+000  3.5689930e+000
  2.0000000e+000  4.1928756e+000  3.5372591e+000  1.8792386e+000  3.0183097e+000  2.0080301e+000  2.0785952e+000  2.4954585e+000  4.7353034e+000  4.0954012e+000  3.3745418e+000
  2.0000000e+000  4.3583859e+000  3.6214836e+000  4.3884236e+000  2.9455848e+000  3.2125142e+000  1.1356903e+000  4.2002592e+000  3.7011082e+000  4.0083577e+000  3.1568430e+000
  2.0000000e+000  4.0248148e+000  8.0836972e-001  1.1893615e+000  4.8381397e+000  1.1802093e+000  4.8803755e+000  2.6278678e+000  2.7984334e+000  1.4682568e+000  3.8532879e+000
  2.0000000e+000  2.8130293e+000  3.1981206e+000  3.1749655e+000  1.9585583e+000  2.1910002e+000  2.5035493e+000  4.0520111e+000  2.8623676e+000  3.6846722e+000  1.3648537e+000
  2.0000000e+000  2.6524128e+000  1.2710957e+000  3.6761743e+000  2.8767713e+000  1.3942733e+000  2.7185713e+000  3.6643659e+000  2.3831611e+000  2.9104511e+000  2.9781708e+000
  1.0000000e+000  1.8102061e+000  2.4429839e+000  2.6097201e+000  4.8736255e-001  4.1511185e+000  3.9909860e+000  3.0270406e+000  4.2806556e+000  3.8207035e+000  3.3641941e+000
  2.0000000e+000  2.6432624e+000  4.1106169e+000  1.3855530e+000  1.6658019e+000  4.6340249e+000  4.1022358e+000  2.4624153e+000  3.5464742e+000  3.2618235e+000  1.4249255e+000
  2.0000000e+000  2.3839992e+000  4.5561635e+000  4.3061771e+000  4.0473442e+000  2.2117508e+000  4.3243035e+000  2.9817704e+000  2.0714995e+000  2.9183371e+000  1.7658240e+000
  2.0000000e+000  2.3729855e+000  3.6021733e+000  1.1517761e+000  1.9368230e+000  2.5358264e+000  1.7119318e+000  2.1589346e+000  1.7766540e+000  1.9431288e+000  4.1108201e+000
  2.0000000e+000  2.3297605e+000  5.1076342e+000  2.2631744e+000  4.9917320e+000  2.4363612e+000  3.5860180e+000  3.1892308e+000  3.7790826e+000  4.3326159e+000  2.1934886e+000
  2.0000000e+000  3.1665179e+000  4.2408845e+000  1.5224213e+000  3.7963912e+000  2.2261754e+000  3.5329346e+000  3.6954979e+000  2.4484711e+000  3.8305537e+000  2.6472814e+000
  2.0000000e+000  1.6822838e+000  4.5232976e+000  3.2952813e+000  2.9083412e+000  2.3783112e+000  8.6857618e-001  2.0973094e+000  4.8585129e+000  1.4313704e+000  2.1409765e+000
  2.0000000e+000  3.7976128e+000  2.9878990e+000  3.4601313e+000  3.2227233e+000  4.7729412e+000  2.4327296e+000  3.3158917e+000  3.5598130e+000  1.4769442e+000  2.5297813e+000
  2.0000000e+000  2.7104743e+000  2.8500903e+000  2.6406934e+000  3.4568566e+000  2.1403249e+000  2.6621363e+000  3.1068770e+000  2.5860655e+000  2.9896130e+000  2.1068667e+000
  1.0000000e+000  2.9124928e+000  3.5031592e+000  2.7721283e+000  4.6779052e+000  2.6266885e+000  2.3968386e+000  4.1291288e+000  4.0029045e+000  3.0903586e+000  3.0011189e+000
  2.0000000e+000  3.6435015e+000  4.6010392e+000  1.6840802e+000  2.6270766e+000  2.9409567e+000  1.8782108e+000  2.9867842e+000  4.8077010e+000  1.2845762e+000  1.6434695e+000
  2.0000000e+000  4.0586985e+000  3.2921815e+000  4.9683875e+000  2.8711674e+000  3.9824152e+000  4.4830684e+000  2.7050127e+000  2.7211952e+000  1.5318299e+000  3.3725905e+000
  2.0000000e+000  1.9141655e+000  3.0325615e+000  2.7714725e+000  2.6467088e+000  2.3887853e+000  2.4935781e+000  3.4512999e+000  2.5766481e+000  3.4089258e+000  2.9052355e+000
  2.0000000e+000  3.0557080e+000  3.3844494e+000  5.4183227e+000  3.3319370e+000  1.8290659e+000  2.8845937e+000  3.1598340e+000  2.1325405e+000  2.5993024e+000  5.8671470e-001
  2.0000000e+000  3.4835076e+000  3.1028993e+000  2.0601735e+000  3.2943504e+000  3.9192548e+000  2.1343077e+000  4.0050459e+000  3.2554001e+000  3.2467411e+000  2.6943952e+000
  2.0000000e+000  3.9861764e+000  3.8817105e+000  2.0911785e+000  3.2937744e+000  4.3913298e+000  2.6988154e+000  2.2312413e+000  9.6672029e-001  2.1880250e+000  1.5815516e+000
  2.0000000e+000  2.5970965e+000  2.1654761e+000  4.7475838e+000  3.3327273e+000  3.5117841e+000  4.4614220e+000  4.3485156e+000  3.7947827e+000  2.1414791e+000  3.9260506e+000
  2.0000000e+000  4.4899921e+000  2.5162424e+000  3.1867667e+000  4.8039343e+000  2.6513931e+000  3.0896597e+000  3.9214087e+000  3.7175971e+000  3.3569536e+000  2.8212631e+000
  2.0000000e+000  4.9117696e+000  2.8113633e+000  3.1139510e+000  3.1217645e+000  3.6729399e+000  2.0729164e+000  2.9318481e+000  2.9998472e+000  4.2784269e+000  2.3318716e+000
  2.0000000e+000  3.3150365e+000  3.0861464e+000  3.4580272e+000  2.0959620e+000  2.6736935e+000  2.4016404e+000  5.8996792e+000  4.2766522e+000  1.9135704e+000  8.9233489e-001
  2.0000000e+000  2.4067894e+000  3.7473032e+000  3.5047319e+000  2.1798408e+000  1.8742565e+000  3.1776301e+000  2.5542585e+000  2.4811425e+000  3.4073283e+000  4.5630733e+000
  2.0000000e+000  3.6749903e+000  5.4951483e+000  2.9460613e+000  3.3554537e+000  3.0875057e+000  2.0459692e+000  3.3715392e+000  3.0625745e+000  3.4720297e+000  3.6291071e+000
  2.0000000e+000  3.6699377e+000  2.5580482e+000  2.1309499e+000  3.8598488e+000  2.2714230e+000  3.2596241e+000  2.9495504e+000  4.5469707e+000  3.2465587e+000  2.4674345e+000
  2.0000000e+000  1.9862392e+000  2.7329034e+000  2.6987015e+000  2.0532672e+000  2.8799140e+000  4.0298486e+000  2.1942416e+000  4.0193379e+000  4.6269692e+000  1.5334679e+000
  1.0000000e+000  1.8484021e+000  2.8280425e+000  3.8798852e+000  1.9441864e+000  5.6907222e+000  3.8982450e+000  3.7699370e+000  2.5339784e+000  2.7543386e+000  3.4345354e+000
  1.0000000e+000  3.1950832e+000  3.9828559e+000  2.8989639e+000  4.2240638e+000  3.1402494e+000  3.2842109e+000  3.0351523e+000  2.3504808e+000  3.6184322e+000  3.7248462e+000
  2.0000000e+000  2.1575908e+000  3.5781468e+000  3.4919260e+000  3.3836479e+000  1.4683328e+000  2.7241760e+000  1.9673023e+000  1.1573525e+000  3.1375998e+000  1.6291846e+000
  1.0000000e+000  5.1031203e+000  1.8045003e+000  2.4782857e+000  2.9818824e+000  4.0519631e+000  1.0023289e+000  2.7732264e+000  2.0511005e+000  2.7654897e+000  3.7649531e+000
  2.0000000e+000  2.5525519e+000  1.4629925e+000  4.2462739e+000  4.9118575e+000  3.2683658e+000  1.3634047e+000  2.2811706e+000  2.5241923e+000  3.7404232e+000  2.7554779e+000
  2.0000000e+000  2.8367731e+000  5.0286035e+000  2.4581516e+000  2.7755925e+000  2.0876201e+000  2.5930941e+000  3.0604450e+000  1.9453358e+000  2.0353815e+000  4.2630529e+000
  2.0000000e+000  3.2642976e+000  1.6082522e+000  2.9084355e+000  3.9389240e+000  4.3403198e+000  2.5851684e+000  2.4926119e+000  1.2808758e+000  4.1741972e+000  2.3175888e+000
  2.0000000e+000  2.1947919e+000  3.3216030e+000  5.9179199e-001  9.7582681e-001  3.3577225e+000  3.9300520e+000  1.8292982e+000  3.1272683e+000  3.2382346e+000  3.1083322e+000
  2.0000000e+000  3.4107845e+000  2.2446783e+000  2.8852102e+000  3.3162276e+000  2.5848425e+000  2.8183200e+000  7.7283472e-001  3.0009478e+000  3.5975134e+000  4.1874588e+000
