  2.0000000e+000  1.6268208e+000  2.5294287e+000  2.9147826e+000  3.9522697e+000  3.8319464e+000  3.8271262e+000  3.8603367e+000  3.8420915e+000  3.6608972e+000  3.2148513e+000
  2.0000000e+000  2.9171704e+000  4.4679312e+000  2.6372273e+000  3.0494156e+000  4.0853776e+000  4.3668687e+000  4.4471725e+000  1.9806298e+000  3.0008557e+000  4.1266764e+000
  2.0000000e+000  3.4689571e+000  2.7950692e+000  4.3155882e+000  1.1245584e+000  3.2624816e+000  3.0695185e+000  2.2265855e+000  4.4806319e+000  3.7675493e+000  2.9693901e+000
  2.0000000e+000  2.8324631e+000  3.8566827e+000  2.8349446e+000  3.4715845e+000  1.7779480e+000  3.7512751e+000  2.8395395e+000  2.9826021e+000  4.8561705e+000  2.9531029e+000
  1.0000000e+000  3.9032492e+000  1.9545249e+000  2.9674038e+000 -2.0693124e-001  3.6960684e+000  3.9195513e+000  3.2179056e+000  1.6601277e+000  1.8234558e+000  3.4030029e+000
  2.0000000e+000  2.7229205e+000  4.0554662e+000  2.7770403e+000  1.6024190e+000  1.9228484e+000  3.4878083e+000  4.3498673e+000  2.7919759e+000  2.2877338e+000  4.9726049e+000
  2.0000000e+000  3.2602877e+000  3.4377877e+000  2.8165916e+000  2.5142420e+000  2.3643052e+000  2.3201499e+000  1.9156323e+000  1.2888044e+000  2.8785511e+000  1.6660088e+000
  2.0000000e+000  3.3063090e+000  1.0337130e+000  1.5268901e+000  2.4923699e+000  2.5743559e+000  3.2424063e+000  3.4023437e+000  3.4434475e+000  4.6852665e+000  2.6373439e+000
  2.0000000e+000  4.7029413e+000  2.7508094e+000  4.4269607e+000  4.6157042e+000  3.8650808e+000  2.6019793e+000  1.2829717e+000  2.8807863e+000  3.5777750e+000  4.1116999e+000
  2.0000000e+000  1.9603693e+000  3.3543790e+000  3.8973363e+000  2.0281116e+000  2.8646238e+000  3.4313814e+000  4.8054751e+000  2.3992723e+000  4.2155160e+000  3.9204962e+000
  2.0000000e+000  2.6614791e-001  2.8785358e+000  1.9526227e+000  3.6729204e+000  3.7437345e+000  3.4152613e+000  3.1076847e+000  2.2176915e+000  1.5089566e+000  3.6674153e+000
  2.0000000e+000  5.2119551e+000  2.7421197e+000  3.0056009e+000  2.9963477e+000  3.6074514e+000  2.8705771e+000  2.9064513e+000  3.6002057e+000  4.5296856e+000  2.0058564e+000
  2.0000000e+000  1.9191502e+000  2.6396665e+000  3.0120089e+000  2.9492269e+000  1.9460424e+000  3.2261895e+000  2.0155218e+000  3.2241212e+000  2.1473271e+000  4.1368288e+000
  1.0000000e+000  3.4782144e+000  3.5235258e+000  3.8883392e+000  4.2203300e+000  2.7694536e+000  4.1460295e+000  2.6863590e+000  1.8907396e+000  2.3221967e+000  3.5648421e+000
  2.0000000e+000  3.8155413e+000  2.8959108e+000  3.3206431e+000  1.6035276e+000  2.4642675e+000  2.7251311e+000  4.1163616e+000  3.3869355e+000  2.1365350e+000  4.6425658e+000
  2.0000000e+000  2.0377333e+000  3.7125455e+000  2.9559062e+000  3.4188083e+000  3.2275581e+000  3.5997249e+000  3.3098298e+000  3.2324704e+000  3.4787426e+000  2.0930508e+000
  2.0000000e+000  1.9389187e+000  1.3902707e+000  3.2501569e+000  4.2419875e+000  4.6719822e+000  4.3682628e+000  2.7827233e+000  4.0030297e+000  4.2485562e+000  2.8696754e+000
  1.0000000e+000  2.9174486e+000  3.4246252e+000  3.8488822e+000  1.9079340e+000  2.3500758e+000  3.9876126e+000  4.1942100e+000  1.9202981e+000  3.0587712e+000  3.0801706e+000
  1.0000000e+000  2.2626836e+000  3.0995567e+000  3.5907393e+000  3.3107823e+000  1.8045517e+000  3.9942174e+000  1.7243075e+000  3.1663332e+000  3.1162258e+000  3.0364930e+000
  2.0000000e+000  2.9072585e+000  2.0018503e+000  3.4456325e+000  1.6960878e+000  3.7367453e+000  2.0104776e+000  3.7281905e+000  2.0660402e+000  2.0836000e+000  1.2648224e+000
  2.0000000e+000  2.1674398e+000  3.1653794e+000  4.5224655e+000  3.5440737e+000  2.4685051e+000  3.4871160e+000  3.1188211e+000  3.9066093e+000  3.1605163e+000  3.8600673e+000
  2.0000000e+000  3.3533005e+000  1.8230759e+000  2.7492555e+000  4.0388895e+000  3.1674498e+000  2.3997000e+000  2.0318586e+000  3.7741252e+000  3.9856828e+000  1.6581567e+000
  2.0000000e+000  2.1657357e+000  3.4752213e+000  4.5750278e+000  3.8293191e+000  1.9812918e+000  4.7907991e+000  2.8348901e+000  2.6122228e+000  3.4797863e+000  3.5962970e+000
  2.0000000e+000  3.7891909e+000  4.7617640e+000  2.8470747e+000  3.6746768e+000  2.2491085e+000  3.2700646e+000  2.7791757e+000  3.8836524e+000  3.8686692e+000  2.6714468e+000
  2.0000000e+000  3.2908429e+000  3.8305814e+000  2.3418078e+000  3.3873515e+000  2.7724793e+000  1.7658066e+000  2.3424327e+000  3.8723572e+000  3.7385852e+000  2.0690881e+000
  1.0000000e+000  2.5037718e+000  1.8016979e+000  4.3667133e+000  1.0198964e+000  2.0522466e+000  3.7276080e+000  2.6991086e+000  3.2066459e+000  2.5947965e+000  3.3152951e+000
  2.0000000e+000  3.7269008e+000  2.0088179e+000  1.2031993e+000  2.7359104e+000  4.9609330e+000  3.0358910e+000  4.5806631e+000  4.1151432e+000  3.3944362e+000  2.1850507e+000
  2.0000000e+000  3.5931679e+000  2.6858553e+000  3.2912941e+000  2.8718574e+000  2.6925341e+000  3.1031742e+000  2.6367378e+000  2.7282556e+000  1.2231685e+000  8.4803538e-001
  1.0000000e+000  2.4118881e+000  3.1665594e+000  1.8417227e+000  2.2759210e+000  4.5705093e+000  4.1119007e+000  3.6773429e+000  3.6771941e+000  2.2052293e+000  3.5000811e+000
  2.0000000e+000  3.6039615e+000  3.2051644e+000  2.4605874e+000  4.2096924e+000  4.6143544e+000  3.5690199e+000  3.1108750e+000  3.7370609e+000  3.0316714e+000  2.1879772e+000
  2.0000000e+000  4.2043462e+000  3.6648911e+000  3.5078939e+000  1.7788772e+000  2.9556946e+000  3.1025841e+000  3.3442966e+000  2.7388725e+000  2.8259123e+000  3.6966808e+000
  2.0000000e+000  3.3956380e+000  3.9200041e+000  3.8679171e+000  4.0362992e+000  2.1492955e+000  2.8062258e+000  4.4000911e+000  3.4696334e+000  5.2765957e+000  2.8544448e+000
  2.0000000e+000  4.1247726e+000  1.9963857e+000  4.5706362e+000  3.2412646e+000  3.3251538e+000  4.0062722e+000  2.7272972e+000  1.8932657e+000  2.2921199e+000  2.7059172e+000
  2.0000000e+000  3.9998802e+000  2.9215962e+000  2.7289219e+000  3.1527160e+000  3.1706644e+000  2.0135436e+000  3.4198248e+000  3.2140263e+000  1.9938399e+000  2.6494547e+000
  2.0000000e+000  1.3905170e+000  3.8574120e+000  1.9265908e+000  2.0165211e+000  2.4867641e+000  3.5442948e+000  4.9001096e+000  2.5246062e+000  3.5406548e+000  4.7290724e+000
  1.0000000e+000  3.3686201e+000  2.6328497e+000  3.9629837e+000  3.8867050e+000  4.3817396e+000  2.9878863e+000  3.0940125e+000  2.3891538e+000  3.7700511e+000  3.3836913e+000
  2.0000000e+000  1.8613088e+000  2.2739524e+000  2.1659482e+000  2.7763743e+000  2.1519451e+000  5.0637989e+000  2.3312777e+000  2.9724464e+000  3.4256020e+000  2.1746902e+000
  2.0000000e+000  3.2663243e+000  3.0337644e+000  3.1055037e+000  3.3248655e+000  5.1822475e+000  3.6520226e+000  1.9815018e+000  4.7979896e+000  4.1998809e+000  2.6202739e+000
  2.0000000e+000  1.6391691e+000  3.3100024e+000  2.8084172e+000  2.9336649e+000  1.6940861e+000  3.2129614e+000  4.9213769e+000  4.1276538e+000  2.8988230e+000  3.6141818e+000
  2.0000000e+000  3.5633249e+000  3.7714747e+000  1.4274237e+000  3.2338643e+000  2.2063517e+000  4.3753562e+000  9.8921918e-001  4.1094625e+000  2.5444576e+000  3.7865313e+000
  1.0000000e+000  3.1791891e+000  8.1357233e-001  3.4933194e+000  5.1286072e+000  1.7744735e+000  2.5890081e+000  4.1908050e+000  5.9407370e+000  1.9417726e+000  3.5507625e+000
  2.0000000e+000  3.4410808e+000  2.7244116e+000  3.6714702e+000  2.7405656e+000  3.5334575e+000  3.4870906e+000  3.6850650e+000  2.4495383e+000  3.2733277e+000  2.8796943e+000
  1.0000000e+000  2.9861449e+000  3.5433616e+000  2.9113457e+000  1.9045002e+000  2.2938676e+000  2.7006500e+000  3.7075990e+000  2.2901528e+000  2.7375653e+000  3.3723878e+000
  2.0000000e+000  4.3946142e+000  3.5378688e+000  1.7836690e+000  2.7837236e+000  4.8022992e+000  3.2991951e+000  1.1253374e+000  2.2140734e+000  2.1383325e+000  2.2833185e+000
  2.0000000e+000  3.9899619e+000  3.5466125e+000  1.1462544e+000  1.3579547e+000  3.5661216e+000  2.2946300e+000  1.9574310e-001  3.4689139e+000  3.8938557e+000  3.3101551e+000
  2.0000000e+000  3.1116157e+000  3.4231306e+000  3.9868017e+000  2.5700852e+000  5.2385104e+000  2.3594417e+000  2.6034348e+000  3.3744573e+000  4.0434422e+000  1.6558692e+000
  2.0000000e+000  2.7984924e+000  3.8153797e+000  2.4817046e+000  4.2775226e+000  3.9104654e+000  2.9820345e+000  3.1175849e+000  1.8557546e+000  4.8115116e+000  2.1637989e+000
  2.0000000e+000  3.1811716e+000  1.1688365e+000  3.4619886e+000  2.5470016e+000  2.5953410e+000  2.2460766e+000  2.1319237e+000  2.5826632e+000  3.0400999e+000  4.6741914e+000
  2.0000000e+000  1.9443931e+000  3.0682773e+000  2.1381482e+000  4.0627270e+000  3.7294598e+000  4.1525661e+000  3.9027290e+000 -2.2922844e-001  3.8544935e+000  8.1999135e-001
  2.0000000e+000  4.4695186e+000  4.1341670e+000  1.7763144e+000  1.0811268e+000  4.0263650e+000  3.2530636e+000  4.0238626e+000  2.3994842e+000  4.3947207e+000  3.2429536e+000
  1.0000000e+000  3.3561465e+000  2.4333537e+000  3.6535626e+000  3.6307847e+000  3.8587397e+000  2.7073219e+000  3.3707284e+000  2.9406506e+000  4.3165849e+000  3.3018121e+000
  1.0000000e+000  3.1668375e+000  2.9528617e+000  3.0546896e+000  3.8662715e+000  2.9133437e+000  3.4121748e+000  4.2265628e+000  3.4292379e+000  2.1949298e+000  3.3980767e+000
  2.0000000e+000  1.5515827e+000  1.1888451e+000  3.1072559e+000  3.4412369e+000  2.0784416e+000  1.2640116e+000  2.4417562e+000  3.2421969e+000  3.7694146e+000  2.7078971e+000
  2.0000000e+000  3.9814944e+000  3.7187471e+000  3.3314412e+000  2.7674019e+000  3.7811011e+000  3.0063278e+000  3.1289859e+000  4.1886926e+000  2.0543654e+000  1.9545747e+000
  2.0000000e+000  4.5222272e+000  1.3462664e+000  3.6035490e+000  3.8357850e+000  3.1688873e+000  3.3419617e+000  2.5355696e+000  4.3189695e+000  2.8366864e+000  3.2432281e+000
  2.0000000e+000  2.6402806e+000  4.1530560e+000  1.6293290e+000  3.2228082e+000  3.0030488e+000  4.4877953e+000  4.0383316e+000  3.5227004e+000  2.5932458e+000  2.9117352e+000
  1.0000000e+000  2.9939346e+000  4.5823474e+000  2.7210306e+000  2.8010007e+000  2.6787225e+000  3.1071229e+000  2.8567528e+000  4.0655729e+000  3.4758611e+000  3.5366610e+000
  2.0000000e+000  4.3351248e+000  2.1482904e+000  3.3558072e+000  2.8223386e+000  3.6250827e+000  3.7459362e+000  2.5541202e+000  1.0407497e+000  2.3988509e+000  5.0213099e+000
  2.0000000e+000  3.6355023e+000  4.6091216e+000  3.0364755e+000  1.9043064e+000  2.8787280e+000  4.1640055e+000  4.3928029e+000  3.7665369e+000  3.8164262e+000  2.2209449e+000
  1.0000000e+000  3.3655401e+000  3.1343547e+000  2.7899677e+000  2.7957715e+000  1.5183055e+000  1.0722743e+000  1.1338725e+000  2.9773213e+000  2.8728227e+000  3.3599123e+000
  1.0000000e+000  3.8564329e+000  2.0167849e+000  1.2303821e+000  2.0231089e+000  2.2959299e+000  5.2472718e+000  2.9582272e+000  3.2652154e+000  3.2682241e+000  3.2817441e+000
  2.0000000e+000  1.7949980e+000  2.1381913e+000  3.4590004e+000  3.0858862e+000  1.8124255e+000  4.6537665e+000  2.5910144e+000  4.7988080e+000  3.8814150e+000  3.7725725e+000
  2.0000000e+000  5.2946324e+000  3.2069753e+000  1.9370925e+000  3.4508626e+000  3.5104099e+000  5.0543441e+000  3.1439317e+000  1.8535115e+000  3.0736729e+000  4.3510624e+000
  2.0000000e+000  3.1497197e+000  5.2939961e+000  2.6837968e+000  2.7301181e+000  1.7722894e+000  4.5627881e+000  1.0133818e+000  4.0713454e+000  4.3428089e+000  3.7419951e+000
  2.0000000e+000  2.3231183e+000  4.4894695e+000  9.9713351e-001  2.6038690e+000  2.7439519e+000  3.7994047e+000  3.4670156e+000  4.5628843e+000  3.2738669e+000  4.5913275e+000
  2.0000000e+000  3.3912409e+000  2.0062400e+000  3.6556728e+000  3.7365238e+000  2.3079104e-001  5.7675409e+000  2.7291585e+000  3.2901812e+000  3.4722410e+000  2.1929176e+000
  2.0000000e+000  2.8692463e+000  2.9579665e+000  3.7540473e+000  1.3850349e+000  3.6466623e+000  2.9669631e+000  2.8578209e+000  2.8059721e+000  7.2449445e-001  4.3325143e+000
  2.0000000e+000  3.7266245e+000  4.8036045e+000  3.1784025e+000  4.4963650e+000  5.3193852e-001  4.5620731e+000  4.4476266e+000  3.0855928e+000  3.6696675e+000  2.5031827e+000
  2.0000000e+000  4.2558302e+000  1.6338565e+000  1.6771929e+000  6.0504352e+000  3.4820892e+000  4.5549811e+000  2.7977061e+000  3.9811145e+000  2.1503179e+000  2.8860780e+000
  2.0000000e+000  4.2050249e+000  3.5169510e+000  2.5010006e+000  4.1753927e+000  2.6317218e+000  3.0763567e+000  2.5284324e+000  4.4745391e+000  3.8461347e+000  2.6740687e+000
  2.0000000e+000  3.7372663e+000  4.3624534e+000  3.3248555e+000  3.3876911e+000  2.4467054e+000  3.0265095e+000  2.1849678e+000  2.7248777e+000  2.4984712e+000  3.7999659e+000
  2.0000000e+000  1.9822784e+000  5.0857616e+000  4.0172022e+000  2.7005769e+000  4.5068791e+000  3.8897831e+000  2.0895875e+000  1.7000497e+000  4.1430155e+000  3.0769125e+000
  1.0000000e+000  2.5399699e+000  3.9294167e+000  3.6579245e+000  3.8361854e+000  2.9986875e+000  3.4799558e+000  3.0754710e+000  3.1708674e+000  1.5499752e+000  3.1269258e+000
  2.0000000e+000  2.6061910e+000  3.7396187e+000  2.4272296e+000  3.8043925e+000  4.2250455e+000  3.9215986e+000  4.9017958e+000  4.4863501e+000  2.8569801e+000  2.5980704e+000
  2.0000000e+000  2.1606984e+000  3.2085026e+000  3.3931757e+000  3.4138102e+000  5.4369910e+000  2.9030198e+000  4.1074925e+000  1.3755504e+000  3.0701667e+000  2.5735267e+000
  1.0000000e+000  3.4364960e+000  3.7257066e+000  4.7326134e+000  3.7433363e+000  3.5004092e+000  2.9944924e+000  2.5899592e+000  3.2567911e+000  2.7249011e+000  3.2402127e+000
  2.0000000e+000  3.0327355e+000  3.1715883e+000  4.1102121e+000  2.7545380e+000  2.6501162e+000  2.2968685e+000  4.4622506e+000  3.6254953e+000  2.2077491e+000  2.9063223e+000
  2.0000000e+000  1.4572186e+000  4.3213916e+000  2.9769197e+000  2.3119561e+000  1.9242741e+000  1.7708375e+000  4.1313377e+000  3.6326746e+000  2.5047461e+000  2.5507210e+000
  2.0000000e+000  2.2786764e+000  3.5851505e+000  2.2927828e+000  3.5957673e+000  4.7449675e+000  4.2098349e+000  8.9557554e-001  3.5219267e+000  1.5840088e+000  3.0130736e+000
  1.0000000e+000  2.4008900e+000  5.6894919e+000  3.2409537e+000  3.3934304e+000  2.2894959e-001  1.3781140e+000  3.3832588e+000  1.1914353e+000  2.7378150e+000  3.0765536e+000
  1.0000000e+000  3.5360535e+000  3.8125191e+000  3.8091245e+000  3.9516144e+000  3.4148921e+000  2.5584769e+000  3.1178231e+000  2.8832484e+000  4.9449792e+000  3.3274745e+000
  2.0000000e+000  2.6352832e+000  3.0905867e+000  1.6767703e+000  4.2969869e+000  4.3209208e+000  6.1342825e-001  3.2227844e+000  2.9337051e+000  3.9842582e+000  1.5374590e+000
  2.0000000e+000  2.1545480e+000  2.8649627e+000  4.1027376e+000  2.2751703e+000  3.6052173e+000  2.1508451e+000  2.6474928e+000  2.9539860e+000  3.6731411e+000  3.9977024e+000
  2.0000000e+000  2.2049047e+000  2.4145443e+000  1.8784650e+000  3.5395773e+000  2.6064154e+000  2.7894224e+000  2.1115366e+000  2.4557537e+000  3.6357317e+000  1.6323888e+000
  2.0000000e+000  3.4490681e+000  2.3477695e+000  2.4975980e+000  4.0213826e+000  1.2273089e+000  2.5879608e+000  1.5650363e+000  4.5119533e+000  2.4358475e+000  2.5183672e+000
  2.0000000e+000  2.7973555e+000  2.1350513e+000  2.0509891e+000  1.6989078e+000  3.1597322e+000  2.1134421e+000  3.7838853e+000  3.4001494e+000  2.7104588e+000  4.0034783e+000
  1.0000000e+000  2.4291890e+000  2.0479945e+000  3.0750966e+000  4.3778212e+000  2.4354099e+000  3.4427940e+000  3.5978455e+000  2.3076493e+000  1.5763390e+000  3.1020900e+000
  1.0000000e+000  3.0914557e+000  1.9711118e+000  3.0649502e+000  1.5509107e+000  3.0994683e+000  2.9418753e+000  3.8602152e+000  3.3630693e+000  3.3492467e+000  3.3692205e+000
  2.0000000e+000  2.8025644e+000  2.3625010e+000  3.9300675e+000  4.7822152e+000  2.7377832e+000  3.5014898e+000  3.8598408e+000  2.1459998e+000  1.7771346e+000  5.2833893e-001
  2.0000000e+000  1.5348596e+000  3.2138910e+000  3.7413533e+000  2.1551232e+000  3.3281425e+000  2.7638270e+000  1.9455344e+000  2.6259827e+000  2.8776129e+000  3.1318784e+000
  2.0000000e+000  4.3943989e+000  2.6228644e+000  2.5783894e+000  3.3739251e+000  2.9652831e+000  3.3992471e+000  2.8969829e+000  1.4167537e+000  3.7186721e+000  1.8186546e+000
  2.0000000e+000  2.0980929e+000  3.2892403e+000  3.3709340e+000  3.1152629e+000  1.8119250e+000  2.6636543e+000  3.1454667e+000  4.6088832e+000  2.7406778e+000  2.0787138e+000
  2.0000000e+000  1.7729945e+000  2.5191237e+000  4.0117118e+000  2.2323777e+000  2.8221065e+000  3.0378131e+000  3.0921507e+000  3.7401050e+000  2.7979377e+000  3.5348230e+000
  2.0000000e+000  2.2011957e+000  4.4787472e+000  3.1068547e+000  3.0272305e+000  2.0091654e+000  3.8987123e+000  5.5470271e+000  2.3121214e+000  1.9586471e+000  2.8564692e+000
  2.0000000e+000  1.5561862e+000  2.3930468e+000  2.4131987e+000  3.4210099e+000  3.8658811e+000  3.4768114e+000  2.2872822e+000  3.1896383e+000  4.0405382e+000  4.3273533e+000
  2.0000000e+000  1.9581363e+000  2.6254262e+000  2.2604447e+000  1.1610421e+000  3.0804465e+000  3.2213722e+000  2.1093121e+000  3.2029044e+000  2.4137293e+000  1.7035286e+000
  2.0000000e+000  2.5769462e+000  2.0506973e+000  3.8768649e+000  1.8918754e+000  1.0204659e+000  3.3772402e+000  3.0051864e+000  3.3026936e+000  2.3552271e+000  2.2743032e+000
  2.0000000e+000  2.0900085e+000  2.9314500e+000  2.6563431e+000  2.7604533e+000  4.5837856e+000  4.6074058e+000  4.7518557e+000  1.8357124e+000  2.6715249e+000  4.3557573e+000
  2.0000000e+000  4.3506040e+000  1.4391917e+000  2.5434941e+000  3.6501724e+000  1.6737779e+000  3.1734185e+000 -2.2386564e-001  3.4049849e+000  2.4124337e+000  3.1808691e+000
  2.0000000e+000  1.4933226e+000  2.2161323e+000  2.3379034e+000  3.9147775e+000  3.4222270e+000  3.9256902e+000  4.0238291e+000  2.9645217e+000  2.8957054e+000  2.1549984e+000
