  1.0000000e+000  2.5781096e+000  2.4569592e+000  2.8470817e+000  3.8443080e+000  3.5146404e+000  3.3754894e+000  3.1422823e+000  2.5111540e+000  2.8861572e+000  3.4317280e+000
  1.0000000e+000  1.4971107e+000  1.8938729e+000  2.9742230e+000  3.9268891e+000  2.3441991e+000  2.1749187e+000  2.9569133e+000  3.5372949e+000  3.7742766e+000  3.4218936e+000
  2.0000000e+000  2.1869591e+000  2.3716319e+000  1.7831383e+000  2.8111378e+000  1.3329344e+000  2.7072202e+000  2.3724185e+000  3.9231204e+000  2.4590768e+000  2.1233055e+000
  2.0000000e+000  3.6868996e+000  2.6674510e+000  2.9934837e+000  3.8546583e+000  1.5482897e+000  1.2571435e+000  4.0539411e+000  3.1431596e+000  2.4252725e+000  2.5448329e+000
  1.0000000e+000  1.9909741e+000  2.1423044e+000  2.9229273e+000  7.9386101e-001  2.4356553e+000  4.4995176e+000  2.4598952e+000  3.3733011e+000  1.3874156e+000  3.2197885e+000
  2.0000000e+000  1.7092331e+000  5.1697640e+000  3.4342139e+000  3.7280524e+000  4.3625387e+000  3.7748501e+000  4.6644550e+000  3.5048809e+000  2.2822359e+000  2.0751283e+000
  2.0000000e+000  2.6218585e+000  1.3556106e+000  3.9232298e+000  2.4596611e+000  2.9781618e+000  2.4786275e+000  3.9010239e+000  4.7185357e+000  3.6306525e+000  1.9176741e+000
  2.0000000e+000  1.6403601e+000  3.0869940e+000  2.5670418e+000  2.3965834e+000  2.6133576e+000  2.3470630e+000  3.4571274e+000  4.4975391e+000  3.9525011e+000  4.4534457e+000
  2.0000000e+000  3.5396542e+000  1.8208876e+000  2.9922487e+000  3.8502191e+000  1.8912267e+000  4.6004745e+000  2.9781899e+000  2.6176240e+000  3.6255346e+000  1.8265318e+000
  2.0000000e+000  2.7622069e+000  3.2390736e+000  2.9182382e+000  2.1075808e+000  3.2114090e-001  2.5065390e+000  2.2082642e+000  3.1890350e+000  2.3590674e+000  2.0257686e+000
  2.0000000e+000  1.6690404e+000  3.5055406e+000  4.4286059e+000  2.1256648e+000  1.4886788e+000  4.0632146e+000  2.8048794e+000  2.4203193e+000  3.1232494e+000  3.1207103e+000
  1.0000000e+000  3.5122022e+000  3.4569208e+000  3.8272372e+000  3.8824773e+000  3.3582580e+000  2.4660919e+000  2.2029437e+000  2.1636588e+000  2.6903259e+000  3.1874856e+000
  2.0000000e+000  3.1438102e+000  2.3060638e+000  1.6599380e+000  4.7309438e+000  2.0278351e+000  3.8183516e+000  2.4322724e+000  3.1642754e+000  2.9954380e+000  3.4306131e+000
  2.0000000e+000  3.5135413e+000  1.1817617e+000  3.6318045e+000  3.7844310e+000  3.8789243e+000  2.4999219e+000  2.9818627e+000  3.2939589e+000  2.5464853e+000  3.8040857e+000
  2.0000000e+000  2.3495532e+000  3.2019348e+000  4.0072013e+000  4.5322238e+000  3.2966161e+000  3.2253960e+000  3.0132702e+000  3.9030558e+000  2.9313249e+000  9.6046281e-001
  2.0000000e+000  2.1770713e+000  2.1628895e+000  2.9800551e+000  1.2625428e+000  2.4027161e+000  1.1171740e+000  3.2237730e+000  4.1334000e+000  3.2602799e+000  2.2151455e+000
  1.0000000e+000  2.1093101e+000  3.8344930e+000  2.4380544e+000  3.4675786e+000  3.3583367e+000  3.3352554e+000  3.5402018e+000  2.3883248e+000  3.6948439e+000  3.1546269e+000
  2.0000000e+000  2.6037049e+000  3.7226622e+000  2.6214555e+000  3.1725480e+000  3.0870536e+000  3.2034445e+000  4.9033798e+000  2.2732725e+000  2.7781370e+000  1.2839853e+000
  1.0000000e+000  4.0757214e+000  2.4443670e+000  2.2847309e+000  2.9333974e+000  2.9381192e+000  7.5920975e-001  4.3430801e+000  4.5784456e+000  2.2642603e+000  3.2253122e+000
  1.0000000e+000  1.7857207e+000  3.8582152e+000  2.7436750e+000  4.2554053e-001  1.9392102e+000  3.5121882e+000  2.7882345e+000  2.6453096e+000  3.2843135e+000  3.0043227e+000
  2.0000000e+000  2.9605138e+000  4.4599871e+000  3.2296967e+000  2.2290397e+000  2.0686775e+000  4.8992005e+000  1.2521100e+000  2.3547740e+000  4.1495166e+000  2.6308219e+000
  2.0000000e+000  3.5759789e+000  2.2320140e+000  4.9739103e+000  4.1099073e+000  1.7592161e+000  3.2289701e+000  2.8399417e+000  3.4315346e+000  2.7650050e+000  1.2798748e+000
  2.0000000e+000  3.5649725e+000  4.1246735e+000  1.9614737e+000  2.2243368e+000  2.8455698e+000  3.7082833e+000  3.1948772e+000  6.8155435e-001  3.3319205e+000  2.1667303e+000
  2.0000000e+000  4.2973914e+000  2.3902844e+000  1.5351416e+000  3.2909475e+000  1.5387873e+000  2.2992423e+000  3.0963094e+000  2.9351639e+000  3.6459465e+000  4.1295989e+000
  2.0000000e+000  2.5628473e+000  2.8842912e+000  1.8531465e+000  3.3144052e+000  3.0250330e+000  5.7744884e-001  3.2421389e+000  4.0002680e+000  1.5970797e+000  2.2514276e+000
  2.0000000e+000  3.1694853e+000  3.3430287e+000  4.0441373e+000  4.3249434e+000  4.0390611e+000  3.8241439e+000  3.3844644e+000  2.7747828e+000  3.5162837e+000  3.6609421e+000
  2.0000000e+000  2.6209650e+000  2.7002901e+000  4.2830035e+000  2.9214369e+000  3.0748914e+000  3.1243246e+000  3.2587758e+000  3.2833415e+000  3.2481753e+000  2.8837735e+000
  1.0000000e+000  1.8090044e+000  4.3030429e+000  2.3610086e+000  4.1093499e+000  3.7516463e+000  1.4090596e+000  3.3106488e+000  3.2723690e+000  2.7769233e+000  3.5588359e+000
  1.0000000e+000  3.1527068e+000  4.2108601e+000  3.6020680e+000  3.3325367e+000  6.1261270e-001  6.9638897e-001  3.2795635e+000  4.0193433e+000  3.2157634e+000  3.1454440e+000
  1.0000000e+000  4.3008014e+000  3.5032803e+000  3.2809584e+000  2.2414855e+000  4.0748824e+000  2.7944321e+000  3.1907551e+000  5.0548773e+000  2.9831505e+000  3.7413260e+000
  1.0000000e+000  2.0231333e-001  2.2428244e+000  2.5890677e+000  5.0522966e+000  4.1042477e+000  2.8160624e+000  4.0368264e+000  2.3783120e+000  2.2087841e+000  3.1628006e+000
  2.0000000e+000  1.7981019e+000  3.0108188e+000  2.6690315e+000  2.5988445e+000  3.9895923e+000  2.5729292e+000  2.0613029e+000  2.8536118e+000  3.7478255e+000  1.8425786e+000
  2.0000000e+000  3.2272621e+000  2.7635857e+000  2.5162471e+000  1.9655479e+000  1.8950050e+000  2.6258500e+000  2.4634475e+000  1.6378166e+000  4.4865805e+000  1.4157673e+000
  2.0000000e+000  4.2623612e+000  2.4579417e+000  9.9291837e-001  3.7710368e+000  1.1761829e+000  1.5242801e+000  2.4668019e+000  1.9503327e+000  2.2815103e+000  1.4232068e+000
  2.0000000e+000  9.5685288e-001  3.1758054e+000  2.3232736e+000  5.5267999e+000  3.0042087e+000  2.1959135e+000  1.9263193e+000  3.5875172e+000  7.3507801e-001  3.9933478e+000
  2.0000000e+000  3.4923686e+000  3.2987581e+000  3.0991839e+000  3.0604638e+000  4.5185452e+000  3.6464435e+000  2.8189740e+000  1.4544619e+000  3.8852456e+000  5.0314528e+000
  1.0000000e+000  4.4714743e+000  2.8034521e+000  3.1714559e+000  1.8786407e+000  3.5847646e+000  3.7143456e+000  1.5342030e+000  2.9338568e+000  2.7761129e+000  3.4399935e+000
  2.0000000e+000  2.9304904e+000  5.0994642e+000  3.0275088e+000  8.3520790e-001  2.8993026e+000  5.5262327e+000  2.4275570e+000  3.8422236e+000  2.6190048e+000  2.6870553e+000
  2.0000000e+000  3.5511669e+000  2.2567438e+000  3.1998282e+000  1.9846884e+000  3.5045520e+000  3.8298789e+000  3.7578115e+000  4.0466521e+000  3.1533129e+000  1.9083631e+000
  2.0000000e+000  3.5048354e+000  4.0950287e+000  1.8793475e+000  3.0891787e+000  2.4031286e+000  2.4972276e+000  2.9442508e+000  4.4761861e+000  2.4373039e+000  1.5128749e+000
  2.0000000e+000  8.0982538e-001  2.3569524e+000  3.3720725e+000  4.0479376e+000  3.7448409e+000  4.2008819e+000  3.4485300e+000  2.5221624e+000  1.0387373e+000  1.7575979e+000
  2.0000000e+000  3.0177253e+000  2.1516632e+000  4.8313684e+000  3.1209379e+000  3.9500200e+000  3.9678690e+000  3.5089368e+000  3.1715244e+000  1.6062539e+000  3.8297187e+000
  2.0000000e+000  4.0204765e+000  3.9506462e+000  5.2176321e+000  2.2664959e+000  2.7500455e+000  1.8458740e+000  3.4620980e+000  1.5454819e+000  2.1931247e+000  1.6007179e+000
  2.0000000e+000  4.0782069e+000  3.4948728e+000  1.0652781e+000  2.8691656e+000  2.1101152e+000  3.0309157e+000  1.9127230e+000  3.9570367e+000  1.0016356e+000  2.7948484e+000
  2.0000000e+000  2.2758416e+000  3.4610889e+000  3.6462480e+000  3.3442655e+000  4.7478268e+000  2.5615326e+000  3.1233834e+000  1.3530077e+000  2.9485630e+000  1.9053493e+000
  2.0000000e+000  2.4815689e+000  3.4999913e+000  3.4672753e+000  2.9416361e+000  2.3333475e+000  1.3128026e+000  3.5178038e-001  1.7755339e+000  2.9405578e+000  5.0999146e+000
  2.0000000e+000  4.2927551e+000  5.2250143e+000  3.9513606e+000  3.2906883e+000  2.9405649e+000  3.7394777e+000  3.0064934e+000  2.5471321e+000  3.0187453e+000  2.9879690e+000
  2.0000000e+000  3.3180954e+000  2.7099104e+000  2.8231742e+000  3.8000199e+000  2.7021264e+000  3.2085599e+000  2.9616741e+000  1.5159863e+000  4.0242780e+000  5.6268908e+000
  1.0000000e+000  3.5680252e+000  3.8033835e+000  2.2818627e+000  3.6696989e+000  3.8909745e+000  2.6686486e+000  4.3279961e+000  3.5596374e+000  3.3371525e+000  3.5299609e+000
  2.0000000e+000  3.6523466e+000  3.5728665e+000  2.6974478e+000  1.7915017e+000  3.3219830e+000  1.1978976e+000  2.8343931e+000  2.8361840e+000  4.1481865e+000  2.8920440e+000
  2.0000000e+000  2.5238452e+000  1.9755674e+000  4.3638938e+000  3.8458905e+000  2.5311881e+000  2.4573008e+000  4.4334464e+000  1.4508686e+000  2.2375526e+000  5.3093865e+000
  2.0000000e+000  3.7938123e+000  3.6364043e+000  4.5268425e-001  2.7321791e+000  2.0675054e+000  2.0340352e+000  2.8106038e+000  3.1864902e+000  2.9074313e+000  2.5686392e+000
  2.0000000e+000  3.9507036e+000  3.8234633e+000  3.4761689e+000  3.8004151e+000  3.3436348e+000  2.5019697e+000  3.8873119e+000  3.4433520e+000  2.2911509e+000  3.9570090e+000
  2.0000000e+000  2.2330528e+000  2.2000226e+000  1.0738368e+000  1.0883987e+000  4.2845450e+000  2.2521553e+000  3.4656242e+000  3.1766814e+000  1.8785183e+000  4.4229315e+000
  2.0000000e+000  3.5297468e+000  2.7073054e+000  4.0523194e+000  2.5980333e+000  3.1485519e+000  3.1751521e+000  2.4683054e+000  2.5784227e+000  2.8438337e+000  3.9152041e+000
  1.0000000e+000  2.8789149e+000  3.7051495e+000  2.5570549e+000  3.2424029e+000  1.9560876e+000  2.1103312e+000  4.3079539e+000  4.8597026e+000  2.9795621e+000  3.0717274e+000
  2.0000000e+000  2.9727523e+000  3.7259156e+000  1.9150562e+000  3.9501603e+000  3.2740737e+000  3.5606112e+000  3.2694936e+000  4.4007315e+000  2.7941093e+000  3.6358006e+000
  2.0000000e+000  3.6802631e+000  3.0227997e+000  2.6320334e+000  2.7550725e+000  4.3340948e+000  3.3341179e+000  3.9782779e+000  2.2101839e+000  3.4886057e+000  2.7014490e+000
  2.0000000e+000  4.6658398e+000  5.0682564e+000  3.0158566e+000  4.1302018e+000  4.1259825e+000  3.0121467e+000  3.0499681e+000  3.5693049e+000  2.7280273e+000  1.5178370e+000
  2.0000000e+000  3.2337798e+000  4.1151335e+000  1.9442295e+000  2.1104721e+000  2.6002173e+000  2.5103509e+000  2.3690924e+000  2.3961924e+000  1.5049916e+000  5.2176617e+000
  2.0000000e+000  3.2870656e+000  1.5802592e+000  4.0739382e+000  3.4596170e+000  1.9320693e+000  2.0331337e+000  4.4704790e+000  2.8077994e+000  1.7449464e+000  1.1114171e+000
  2.0000000e+000  4.1837939e+000  3.2842749e+000  3.9657624e+000  3.5012805e+000  3.3569296e+000  2.7192073e+000  1.7804600e+000  4.0339420e+000  3.4041158e+000  4.9896800e+000
  2.0000000e+000  3.1616558e+000  1.5685916e+000  1.9362538e+000  2.3163989e+000  3.5426835e+000  4.1508765e+000  2.6092144e+000  4.0195648e+000  3.2978232e+000  2.1152683e+000
  2.0000000e+000  2.5307630e+000  4.4146240e+000  2.2144395e+000  3.8048164e+000  1.7669495e+000  8.4725400e-001  2.8552586e+000  2.3965213e+000  3.2426581e+000  2.1094982e+000
  2.0000000e+000  2.9806976e+000  1.7257121e+000  3.4531680e+000  2.6278314e-001  3.0071124e+000  2.2688891e+000  4.4360782e+000  4.1160075e+000  2.2121340e+000  2.0316380e+000
  2.0000000e+000  1.5818419e+000  4.1097533e+000  3.2775431e+000  2.1026181e+000  4.7138255e+000  4.8954078e+000  6.0906599e-001  2.7502217e+000  3.7007940e+000  5.7096407e+000
  2.0000000e+000  3.6630150e+000  4.4972179e+000  1.6692176e+000  3.3160563e+000  3.2844735e+000  5.2063481e+000  4.4283168e+000  3.0897695e+000  4.3041693e+000  3.3027881e+000
  2.0000000e+000  2.7138618e+000  2.9437555e+000  4.8822455e+000  1.2368364e+000  1.9857468e+000  3.1532790e+000  4.1679100e+000  2.8323382e+000  2.0650763e+000  2.5004742e+000
  1.0000000e+000  3.2349409e+000  3.2983269e+000  3.3279948e+000  3.8675605e+000  3.5402595e+000  3.2624025e+000  3.7388358e+000  2.7151279e+000  3.0699357e+000  3.3971282e+000
  2.0000000e+000  2.3162843e+000  3.8719545e+000  2.1929209e+000  2.9658716e+000  2.6009756e+000  2.8921100e+000  3.6060231e+000  1.1363538e+000  3.0127169e+000  9.6244081e-001
  2.0000000e+000  5.6396910e-001  3.3230070e+000  1.9887347e+000  2.1338515e+000  2.6395276e+000  4.0422074e+000  3.2451148e+000  4.5052157e+000  3.2527718e+000  3.6881603e+000
  2.0000000e+000  2.5130242e+000  2.0774051e+000  2.0155446e+000  4.2769312e+000  3.6638535e+000  3.4863839e+000  2.7945017e+000  2.2005587e+000  3.7984008e+000  2.9778626e+000
  2.0000000e+000  3.9224914e+000  3.9181762e+000  4.4695742e+000  4.3484267e+000  2.8712773e+000  2.5066070e+000  1.0799178e+000  2.3505505e+000  3.8968202e+000  2.5465977e+000
  2.0000000e+000  3.8556218e+000  2.1428343e+000  2.2603217e+000  1.9195211e+000  3.0972423e+000  1.5307040e+000  4.9541295e+000  2.8685332e+000  5.1339412e+000  2.1094053e+000
  2.0000000e+000  1.9845120e+000  3.2275135e+000  4.0652004e+000  2.4255014e+000  3.8526479e+000  2.0069516e+000  4.6808046e+000  3.1653771e+000  1.5925908e+000  2.9733886e+000
  2.0000000e+000  3.5173651e+000  5.6619846e+000  3.5509297e+000  1.7782213e+000  2.2647205e+000  2.4771880e+000  1.2334381e+000  3.4320923e+000  3.8572646e+000  2.2294308e+000
  2.0000000e+000  1.8148081e+000  3.3391883e+000  4.4553017e+000  2.7964408e+000  3.0344067e+000  3.8018489e+000  3.7568153e+000  3.4957849e+000  5.5516858e+000  3.1643266e+000
  2.0000000e+000  2.7053453e+000  2.3766704e+000  1.4904180e+000  3.0602320e+000  3.0582115e+000  1.7401145e+000  2.9288083e+000  4.1448077e+000  4.0229463e+000  1.5319953e+000
  2.0000000e+000  1.7136895e+000  2.6791176e+000  2.1741117e+000  1.8504865e+000  4.1042083e+000  1.7647782e+000  2.7603843e+000  2.8314569e+000  4.9639201e+000  4.4209840e+000
  2.0000000e+000  1.4688281e+000  3.7566143e+000  3.6041573e+000  1.6950558e+000  3.1665423e+000  2.5126651e+000  3.6462506e+000  2.1086490e+000  3.8385302e+000  2.3687920e+000
  2.0000000e+000  3.0032030e+000  2.7001240e+000  3.3213438e+000  1.4367331e+000  2.5413905e+000  3.6179073e+000  1.0446827e+000  2.9427462e+000  2.1179907e+000  2.4012414e+000
  2.0000000e+000  3.9159644e+000  3.3295104e+000  2.9603666e+000  3.9645377e+000  3.3881312e+000  1.7017338e+000  2.7973281e+000  2.9154683e+000  4.3629785e+000  2.8974126e+000
  2.0000000e+000  4.3333773e+000  3.1918710e+000  3.1048023e+000  3.6463569e+000  3.0690856e+000  2.6900690e+000  3.3904631e+000  1.8512053e+000  4.0917245e+000  2.5367795e+000
  1.0000000e+000  1.6545166e+000  5.4438029e+000  2.3597497e+000  2.6627724e+000  5.3002623e+000  4.8315290e+000  2.9261529e+000  4.0106839e+000  3.3843538e+000  3.6435421e+000
  2.0000000e+000  4.4997754e+000  4.3068812e+000  2.5899007e+000  2.9860529e+000  2.5046240e+000  2.6701909e+000  2.7335731e+000  3.6910485e+000  3.1805555e+000  1.4521528e+000
  2.0000000e+000  2.9616213e+000  4.0677522e+000  2.4348674e+000  2.8064483e+000  1.5336800e+000  3.0130831e+000  2.3285567e+000  5.3547482e+000  3.0257046e+000  3.9753371e+000
  2.0000000e+000  3.6744113e+000  2.0289533e+000  3.3040628e+000  3.1928165e+000  1.0388648e+000  3.2076704e+000  4.0610456e+000  2.6395437e+000  4.9891255e+000  2.9914716e+000
  1.0000000e+000  3.3483170e+000  4.0002078e+000  2.7563550e+000  3.1673378e+000  3.4819345e+000  4.2990727e+000  4.7780560e+000  3.8729874e+000  4.1051637e+000  3.0676677e+000
  2.0000000e+000  3.5954019e+000  1.8911086e+000  4.6517948e+000  3.5247028e+000  1.8743582e+000  4.4566960e+000  7.9924408e-001  1.4048605e+000  1.9187838e+000  3.0277820e+000
  2.0000000e+000  1.5223708e+000  2.6722750e+000  2.9591559e+000  1.0981078e+000  2.7543332e+000  3.6423071e+000  2.8796493e+000  1.7106593e+000  2.1768760e+000  2.9749132e+000
  2.0000000e+000  1.8963778e+000  4.0366874e+000  1.7380044e+000  3.0373567e+000  2.6424574e+000  2.6051516e+000  3.0029082e+000  3.6951256e+000  2.9162154e+000  2.6814402e+000
  2.0000000e+000  3.5096071e+000  4.0769713e+000  5.0020015e+000  2.9638983e+000  7.4217460e-001  2.8483505e+000  2.9027766e+000  3.3785152e+000  6.1128413e+000  1.7762234e+000
  2.0000000e+000  4.6051214e+000  3.1897933e+000  1.8922233e+000  3.1039827e+000  1.7046758e+000  2.4482698e+000  2.6869817e+000  3.3657914e+000  2.5799990e+000  3.0742242e+000
  2.0000000e+000  1.8029245e+000  3.8078419e+000  3.1163379e+000  4.1665689e+000  3.4842814e+000  3.2565856e+000  3.1403754e+000  4.3535538e+000  4.7770874e+000  2.0749840e+000
  2.0000000e+000  4.2377158e+000  3.0306985e+000  2.7433007e+000  3.3175506e+000  5.0550993e+000  3.6098590e+000  1.9267544e+000  1.8844365e+000  3.0968469e+000  2.2028981e+000
  2.0000000e+000  3.0442792e+000  3.4726235e+000  2.5335271e+000  4.3518294e+000  2.6057599e+000  4.1039717e+000  2.2261554e+000  2.0689687e+000  9.3141003e-001  3.4355038e+000
  2.0000000e+000  1.4272878e+000  1.9399867e+000  4.1141887e+000  3.0393490e+000  1.8653257e+000  3.0045558e+000  3.5874321e+000  3.7513424e+000  1.7065503e+000  4.1577434e+000
  2.0000000e+000  2.2649773e+000  2.8327520e+000  2.3668734e+000  3.9759466e+000  2.9399175e+000  4.5564374e+000  3.2985071e+000  3.2996005e+000  3.2215371e+000  2.1329064e+000
  2.0000000e+000  4.7525887e+000  8.6615769e-001  1.6985378e+000  6.0258336e+000  2.3331778e+000  5.5906019e+000  4.1610033e+000  3.4947761e+000  1.7357440e+000  4.0483560e+000
  2.0000000e+000  2.8219489e+000  2.7771815e+000  1.5912773e+000  2.3988777e+000  1.7546535e+000  2.4896577e+000  4.2909613e+000  2.3009391e+000  2.9131076e+000  4.0568456e+000
