  2.0000000e+000  3.2601648e+000  3.5420472e+000  2.2361803e+000  2.5176585e+000  2.7140094e+000  3.5018088e+000  3.7529639e+000  2.5424665e+000  2.6661304e+000  2.0516952e+000
  2.0000000e+000  1.5290991e+000  2.5937893e+000  3.9998252e+000  1.2120334e+000  2.9056689e+000 -3.3568386e-001  3.0362957e+000  2.9268192e+000  1.7026026e+000  2.8643165e+000
  1.0000000e+000  4.0074847e+000  4.1382569e+000  3.1648949e+000  4.2944131e+000  3.0671779e+000  3.0487755e+000  3.6787732e+000  3.2116526e+000  4.5559765e+000  3.1867071e+000
  2.0000000e+000  3.5701658e+000  1.3346970e+000  1.6709639e+000  2.4108806e+000  1.7943970e+000  4.0579184e+000  2.9376671e+000  4.3502032e+000  2.7289505e+000  2.9007443e+000
  2.0000000e+000  2.3392489e+000  2.9316235e+000  5.1714322e+000  1.7867842e+000  3.4778547e+000  3.2099503e+000  2.9891304e+000  3.8585542e+000  2.2575355e+000  6.6179948e-001
  2.0000000e+000  1.7458819e+000  3.3430449e+000  1.6766867e+000  2.6720830e+000  2.0993882e+000  3.5252078e+000  4.1471339e+000  2.5931050e+000  3.5275242e+000  1.7748892e+000
  1.0000000e+000  3.8668357e+000  3.6521207e+000  2.5464505e+000  3.8459682e+000  4.2104476e+000  3.0802943e+000  2.7419991e+000  3.6893491e+000  2.1827974e+000  3.4709984e+000
  2.0000000e+000  3.3813025e+000  1.7842785e+000  2.0908640e+000  4.8035307e+000  1.6657679e+000  3.6827579e+000  2.3167891e+000  9.5992367e-001  3.7423318e+000  4.5772135e+000
  2.0000000e+000  3.8369529e+000  2.3321492e+000  2.1081124e+000  4.6352043e+000  9.1212261e-001  2.2275434e+000  3.9757487e+000  3.6403975e+000  2.6341751e+000  4.6905386e+000
  2.0000000e+000  4.6494617e+000  2.5486011e+000  4.1129641e+000  3.4435835e+000  4.0492455e+000  4.0438087e+000  2.7836484e+000  4.3313852e+000  1.8517771e+000  3.7619400e+000
  2.0000000e+000  8.4484122e-001  3.4126988e+000  2.9080053e+000  3.6239332e+000  1.1801104e+000  4.5971834e+000  4.4907778e+000  2.9071987e+000  1.6087151e+000  3.5735564e+000
  2.0000000e+000  3.3516532e+000  3.2205267e+000  3.7927933e+000  2.8178629e+000  2.9605851e+000  3.4577814e+000  2.7029808e+000  2.9912496e+000  2.1023311e+000  2.8920179e+000
  1.0000000e+000  5.7843831e+000  1.5959981e+000  4.1800077e+000  9.5904354e-001  3.4193021e+000  3.2215255e+000  2.5612460e+000  4.1763878e+000  2.0856933e+000  3.4462958e+000
  2.0000000e+000  2.7228890e+000  1.5488889e+000  3.5047202e+000  3.6436353e+000  4.2797643e+000  4.1830407e+000  2.8601936e+000  2.4792998e+000  1.8420728e+000  4.5046985e+000
  2.0000000e+000  2.1233559e+000  4.8114654e+000  9.5740670e-001  2.4892860e+000  2.1185932e+000  2.5733241e+000  2.7540034e+000  3.3765097e+000  3.6556565e+000  2.2385489e+000
  1.0000000e+000  3.2813769e+000  3.4018238e+000  2.1583581e+000  2.8444955e+000  1.6078657e+000  3.2586714e+000  2.5179380e+000  2.8817408e+000  1.9112789e+000  3.8723781e+000
  2.0000000e+000  2.3057580e+000  2.9592933e+000  3.6581961e+000  1.5030636e+000  3.5771623e+000  4.5145130e+000  3.8089292e+000  1.6732973e+000  2.1385523e+000  2.4137713e+000
  1.0000000e+000  5.0793599e+000  2.0309278e+000  2.1325677e+000  1.7769011e+000  2.8297242e+000  2.7632989e+000  3.1979468e+000  2.8295765e+000  3.2596887e+000  3.9229766e+000
  2.0000000e+000  2.3726858e+000  4.0288177e+000  1.2018783e-001  2.0926808e+000  4.3412522e+000  3.8910291e+000  1.7003621e+000  3.6344087e+000  2.7026017e+000  2.7483686e+000
  2.0000000e+000  1.7204096e+000  3.2192139e+000  2.2781600e+000  3.2667645e+000  3.2099302e+000  4.2566672e+000  3.8297763e+000  3.1002219e+000  4.6774003e+000  4.2842559e+000
  2.0000000e+000  3.4996658e+000  3.8641000e+000  1.3983970e+000  3.4070541e+000  4.7640203e+000  3.3222512e+000  2.8178501e+000  2.8056547e+000  3.4473023e+000  7.3099645e-001
  2.0000000e+000  4.1588654e+000  2.3177293e+000  2.9295979e+000  1.3660051e+000  3.8441640e+000  1.9208397e+000  1.7125293e+000  2.0084572e+000  4.5107493e+000  4.7804419e+000
  1.0000000e+000  3.2515634e+000  2.7953082e+000  4.5309133e+000  2.5004310e+000  4.0094534e+000  3.1845070e+000  1.7766437e+000  3.6641607e+000  2.7977235e+000  3.0246295e+000
  2.0000000e+000  3.1695513e+000  2.7374038e+000  3.5578392e+000  1.9369657e+000  2.6819785e+000  1.8568970e+000  3.4460950e+000  3.5845953e+000  3.1186187e+000  4.3057135e+000
  2.0000000e+000  2.7616759e+000  1.5854616e+000  2.5217133e+000  2.7611777e+000  2.6120974e+000  3.9064108e+000  4.7813202e+000  1.4996614e+000  3.5378231e+000  1.5892174e+000
  2.0000000e+000  2.8641706e+000  2.0115347e+000  2.7218417e+000  1.5740462e+000  1.5183876e+000  4.1321455e+000  2.6818739e+000  2.0736171e+000  3.5449129e+000  2.9072169e+000
  1.0000000e+000  1.7368881e+000  3.5099302e+000  2.4275790e+000  3.6697920e+000  1.2935576e+000  2.1994899e+000  3.4132714e+000  3.5981605e+000  3.1263600e+000  3.2380567e+000
  1.0000000e+000  4.6063494e+000  1.7377687e+000  2.6710006e+000  2.9759030e+000  1.3331170e+000  3.1846743e+000  2.4443587e+000  9.1247927e-001  1.8181028e+000  3.2159785e+000
  1.0000000e+000  2.9493935e+000  4.0849039e+000  2.3979250e+000  2.8041365e+000  3.0166945e+000  3.7487992e+000  3.6108233e+000  2.8424304e+000  2.6851576e+000  3.5166286e+000
  2.0000000e+000  5.4386823e+000  2.9785256e+000  2.4039735e+000  2.6076134e+000  3.5098066e+000  4.8012681e+000  2.7862137e+000  3.1827829e+000  2.6294648e+000  3.9348317e+000
  2.0000000e+000  3.0111220e+000  2.8987829e+000  2.7004874e+000  4.3224711e+000  2.7143046e+000  1.2276659e+000  4.0821843e+000  2.3797161e+000  2.9543592e+000  2.6448054e+000
  2.0000000e+000  3.1946898e+000  2.4027354e+000  3.6370367e+000  3.5434797e+000  2.2968235e+000  4.4978291e+000  4.3778118e+000  1.1147203e+000  3.2360709e+000  2.3825673e+000
  2.0000000e+000  2.8366126e+000  3.0521069e+000  4.7843811e+000  3.0920826e+000  3.1671989e+000  1.9351350e+000  2.0466405e+000  3.6747841e+000  3.4070469e+000  3.0595066e+000
  2.0000000e+000  3.7913893e+000  2.5545537e+000  1.3368526e+000  2.6160040e+000  3.4416184e+000  3.1514558e+000  5.3863198e+000  3.9661155e+000  2.7703539e+000  4.0263825e+000
  1.0000000e+000  1.2226516e+000  3.1822853e+000  2.9113449e+000  3.1298081e+000  3.4729619e+000  2.4290625e+000  3.4825898e+000  2.3441886e+000  3.1118967e+000  3.3931454e+000
  2.0000000e+000  2.1150432e+000  3.0173163e+000  1.6545783e+000  4.4224177e+000  7.9449057e-001  2.6352542e+000  2.1894526e+000  3.3303207e+000  2.4623413e+000  2.2173310e+000
  2.0000000e+000  3.6730306e+000  2.5632455e+000  3.1763473e+000  2.9285219e+000  2.6507159e+000  2.7236151e+000  3.9256168e+000  4.0032957e+000  2.5828465e+000  2.7654924e+000
  2.0000000e+000  5.4870005e+000  1.1262760e+000  2.9485079e+000  4.1756122e+000  2.8617260e+000  3.8813613e+000  2.0461876e+000  2.3517465e+000  2.5096850e+000  3.9790784e+000
  2.0000000e+000  1.7818717e+000  3.3202541e+000  2.6783958e+000  2.8251434e+000  1.8273573e+000  1.5159344e+000  2.1723699e+000  3.3361301e+000  5.0158454e+000  5.0658713e+000
  2.0000000e+000  3.0791326e+000  3.4418453e+000  2.7100036e+000  3.8911595e+000  3.4860834e+000  6.4665980e-001  1.8676862e+000  2.9534800e+000  5.6457163e+000  3.9299937e+000
  2.0000000e+000  3.3203613e+000  4.6952528e+000  4.4695462e+000  3.8808500e+000  2.9058239e+000  4.3650088e+000  1.3853162e+000  2.4041040e+000  2.5101080e+000  2.5570765e+000
  2.0000000e+000  3.4512917e+000  3.6727286e+000  2.0471401e+000  3.6694233e+000  3.7886047e+000  1.0807225e+000  3.1984033e+000  1.3245845e+000  2.3803243e+000  3.3182780e+000
  2.0000000e+000  4.3323983e+000  2.5870936e+000  2.2013610e+000  2.6290141e+000  2.1200616e+000  1.4451709e+000  2.5459239e+000  2.5065575e+000  2.9837331e+000  3.1161023e+000
  2.0000000e+000  2.5537219e+000  2.8095472e+000  3.2142638e+000  3.9014497e+000  3.1811819e+000  2.0250116e+000  1.9535898e+000  1.3994024e+000  4.1225309e+000  3.9366977e+000
  2.0000000e+000  3.5850138e+000  1.8881416e+000  2.2981209e+000  2.9864044e+000  1.2751411e+000  6.3267962e-001  2.8010984e+000  3.3471541e+000  2.6198071e+000  2.1448949e+000
  2.0000000e+000  1.3650852e+000  2.9922814e+000  3.3706516e+000  1.2550657e+000  2.9900619e+000  3.1265305e+000  2.2213431e+000  3.4364818e+000  3.3658707e+000  4.4079140e+000
  2.0000000e+000  3.4313292e+000  4.3531528e+000  2.5602454e+000  4.0320442e+000  3.6420924e+000  1.9654218e+000  5.2165820e+000  2.0848638e+000  3.8521600e+000  3.8694371e+000
  1.0000000e+000  4.1054136e+000  2.8529753e+000  1.9041303e+000  2.7020580e+000  3.4787213e+000  2.9330674e+000  3.7242360e+000  1.6624452e+000  8.8147269e-001  3.8610157e+000
  2.0000000e+000  9.9489391e-001  5.8544282e+000  4.4158794e+000  3.0321294e+000  4.0984613e+000  3.6511216e+000  3.7930328e+000  1.6381316e+000  2.9268321e+000  3.8069969e+000
  1.0000000e+000  5.4753290e+000  2.0939784e+000  2.9431019e+000  3.0094140e+000  2.2063450e+000  2.2967003e+000  4.9840446e+000  3.2548267e+000  1.9927366e+000  3.2164145e+000
  2.0000000e+000  2.4245889e+000  3.2317935e+000  4.1099641e+000  2.3850258e+000  1.4465929e+000  2.7311183e+000  2.2202399e+000  1.7118367e+000  2.0131539e+000  4.3304034e+000
  2.0000000e+000  4.3839664e+000  3.1536940e+000  2.5234451e+000  3.6684047e+000  2.4742551e+000  1.4587999e+000  3.3859352e+000  2.3226487e+000  3.2412005e+000  3.6629269e+000
  2.0000000e+000  3.0377979e+000  1.8624152e+000  4.3977725e+000  4.5891449e+000  1.0778897e+000  3.4583337e+000  2.6653853e+000  1.2378853e+000  2.7437889e+000  4.0873984e+000
  2.0000000e+000  2.6659596e+000  3.0339174e+000  1.8372612e+000  3.7740300e+000  2.6488708e+000  1.4192154e+000  2.9997794e+000  3.7935686e+000  3.5514416e+000  3.3283363e+000
  2.0000000e+000  1.3231502e+000  2.7721212e+000  8.7607796e-001  3.5314862e+000  4.5300416e+000  4.3097122e+000  1.4748864e+000  1.7023825e+000  3.8310624e+000  2.4042899e+000
  2.0000000e+000  2.4326305e+000  3.3447538e+000  2.3865341e+000  2.4035086e+000  5.0761145e+000  2.4517793e+000  1.5683294e+000  2.1971563e+000  3.5239729e+000  2.9559298e+000
  2.0000000e+000  3.0079362e+000  2.1265358e+000  3.4054508e+000  3.0301460e+000  3.8105351e+000  1.2709196e+000  3.2796408e+000  3.1988235e+000  3.8274027e+000  2.8284563e+000
  2.0000000e+000  4.0716355e-001  4.2689390e+000  2.6963594e+000  1.9417366e+000  5.1729342e+000  3.9033448e+000  3.8550006e+000  3.2053740e+000  3.8278274e+000  3.6958482e+000
  2.0000000e+000  3.8463857e+000  1.3250103e-001  4.6303032e+000  2.8548688e+000  3.3955188e+000  1.0234047e+000  2.1144345e+000  2.1069124e+000  2.4706354e+000  2.4415569e+000
  1.0000000e+000  3.1809374e+000  4.0333562e+000  1.9763245e+000  3.6852407e+000  3.2679961e+000  3.4906270e+000  2.2749539e+000  4.4382858e+000  2.1388280e+000  3.7256488e+000
  2.0000000e+000  2.7047143e+000  4.5872837e+000  2.7096108e+000  2.4647639e+000  3.0923945e+000  2.1008447e+000  5.1034165e+000  4.2433344e+000  3.6018167e+000  2.7857220e+000
  2.0000000e+000  3.4736412e+000  3.9648419e+000  2.4486582e+000  2.8062395e+000  3.6558782e+000  4.1183030e+000  3.5135331e+000  2.3231651e+000  2.1111381e+000  4.0085324e+000
  1.0000000e+000  4.4711459e+000  2.7881653e+000  4.1897965e+000  3.4864562e+000  2.9553555e+000  3.2409115e+000  1.7317979e+000  4.9070271e+000  3.6764183e+000  3.3864102e+000
  1.0000000e+000  3.5123964e+000  3.1978960e+000  3.1877070e+000  2.6132603e+000  3.3792159e+000  2.2591451e+000  4.3921488e+000  1.7575355e+000  1.7893026e+000  3.4374026e+000
  2.0000000e+000  3.4789596e+000  3.4466916e+000  2.7408733e+000  1.6749863e+000  2.2994962e+000  1.3055689e+000  2.5224597e+000  4.7644299e+000  4.6265234e+000  3.2533296e+000
  2.0000000e+000  3.3315032e+000  4.5320975e+000  2.1172683e+000  2.7001064e+000  1.4817164e+000  2.4595451e+000  3.8019252e+000  3.5591233e+000  3.2328475e+000  2.0716678e+000
  2.0000000e+000  2.0647638e+000  3.6620344e+000  2.7240382e+000  1.9163150e+000  3.7744201e+000  3.8112571e+000  1.5534985e+000  4.8234596e+000  4.1210949e+000  1.9812431e+000
  2.0000000e+000  1.9431247e+000  6.8341637e-001  2.5547124e+000  1.7217070e+000  4.1064496e+000  1.5220422e+000  4.5007260e+000  3.0194823e+000  3.2121806e+000  3.6613650e+000
  1.0000000e+000  8.8354963e-001  4.2996543e+000  2.0180077e+000  2.8485638e+000  4.4941900e+000  2.6323527e+000  4.2812917e+000  3.4897836e+000  2.5757541e+000  3.5788722e+000
  2.0000000e+000  3.6603502e+000  2.5192998e+000  2.8243893e+000  4.0898431e+000  3.7415091e+000  2.2207457e+000  3.6112641e+000  2.7386057e+000  3.7989187e+000  1.3151467e+000
  2.0000000e+000  2.1150919e-001  4.2253447e+000  1.3692741e+000  9.0724547e-002  1.4102787e+000  3.1548646e+000  4.3324718e+000  1.3989013e+000  2.2976249e+000  2.1972792e+000
  2.0000000e+000  1.6779523e+000  3.0659435e+000  3.2091539e+000  3.5017071e+000  3.1825826e+000  4.3020853e+000  3.3509631e+000  4.2475176e+000  3.2817341e+000  1.4942095e+000
  2.0000000e+000  4.4318976e+000  3.4861276e+000  3.3690867e+000  3.1547837e+000  1.1246429e+000  3.9089806e+000  5.1901688e-001  2.8064484e+000  4.9435858e+000  3.5328197e+000
  2.0000000e+000  5.2296349e-001  3.1413798e+000  3.8656633e+000  4.1485436e+000  1.4162186e+000  2.4287435e+000  2.5940628e+000  2.4594481e+000  2.6460617e+000  2.4926529e+000
  2.0000000e+000  3.0275846e+000  3.5696522e+000  1.8670181e+000  4.6188681e+000  3.6741571e+000  4.0360351e+000  1.8977781e+000  2.8672250e+000  2.4228667e+000  3.5669404e+000
  2.0000000e+000  3.7834256e+000  2.3052463e+000  3.1669638e+000  2.7057745e+000  3.5678091e+000  3.8079393e+000  2.9302517e+000  2.8301309e+000  2.8697907e+000  2.0720498e+000
  1.0000000e+000  1.8560653e+000  3.6163752e+000  3.0908037e+000  2.7845508e+000  2.2547572e+000  2.5328664e+000  2.2963207e+000  4.1062466e+000  1.5833992e+000  3.6784354e+000
  2.0000000e+000  3.2506320e+000  4.1797213e+000  3.5272583e+000  1.6773433e+000  1.4832421e+000  1.8079586e+000  3.1627167e+000  1.4248498e+000  3.5326721e+000  2.3736479e+000
  2.0000000e+000  2.1599702e+000  2.2106711e+000  2.5057097e+000  4.0961226e+000  3.8572472e+000  4.5470530e+000  1.9949228e+000  2.5510188e+000  4.7195989e+000  3.3551252e+000
  2.0000000e+000  2.2783767e+000  1.0621209e+000  3.3397722e+000  2.8078189e+000  3.9875382e+000  3.3139543e+000  3.8446668e+000  1.8919026e+000  1.2104493e+000  4.1104173e+000
  1.0000000e+000  2.0296904e+000  2.7063154e+000  2.6041876e+000  1.7903692e+000  2.8061090e+000  3.1441453e+000  2.0010704e+000  4.4583849e+000  2.8296340e+000  3.5646130e+000
  2.0000000e+000  4.3615792e+000  1.9093144e+000  3.8174561e+000  2.6957024e+000  2.9064166e+000  3.2214803e+000  2.7878532e+000  2.8279126e+000  3.4654001e+000  1.9849926e+000
  2.0000000e+000  2.2075702e+000  3.7341867e+000  4.5975576e+000  1.3662395e+000  3.7124124e+000  3.0888115e+000  5.0270056e+000  4.7742081e+000  1.2109913e+000  2.9170176e+000
  1.0000000e+000  2.3241050e+000  3.9865862e+000  4.0496349e+000  2.5481232e+000  2.2633010e+000  3.6193897e+000  2.5787931e+000  2.3585006e+000  1.7017746e+000  3.0517975e+000
  1.0000000e+000  5.2856251e+000  4.4039960e+000  3.1547178e+000  2.8447424e+000  2.1090830e+000  2.7020181e+000  3.9153621e+000  3.6513325e+000  3.3114380e-001  3.3617462e+000
  1.0000000e+000  4.4589882e+000  1.2752977e+000  2.6264691e+000  2.7999160e+000  1.5318495e+000  3.3038708e+000  3.2274715e+000  3.1346312e+000  3.0009209e+000  3.7226426e+000
  2.0000000e+000  3.4160942e+000  2.5591637e+000  2.0156018e+000  5.0306263e+000  2.6313091e+000  1.3455537e+000  3.8347551e+000  1.0110349e+000  3.5842375e+000  3.7986011e+000
  2.0000000e+000  1.2608603e+000  3.5210871e+000  3.6728823e+000  3.5585606e+000  1.4509509e+000  4.0200594e+000  3.4255869e+000  2.9298392e+000  2.6690837e+000  2.9076028e+000
  1.0000000e+000  2.5013547e+000  1.5265672e+000  4.6277300e+000  3.4647979e+000 -1.9523780e-001  2.0862757e+000  2.9291315e+000  3.5723521e+000  3.4350143e+000  3.0114606e+000
  2.0000000e+000  2.9450433e+000  8.8149955e-001  2.2157902e+000  5.1356302e+000  3.0410626e+000  2.3787400e+000  3.0689229e+000  2.5358579e+000  2.6998649e+000  5.5071391e+000
  2.0000000e+000  2.2535007e+000  3.2900650e+000  3.3654754e+000  4.2180341e+000  2.1346799e+000  3.0339378e+000  2.0110243e+000  3.9625078e+000  4.2746509e+000  2.4641896e+000
  2.0000000e+000  2.6047500e+000  3.2957073e+000  2.4678896e+000  9.1940280e-001  2.2438126e+000  3.1911696e+000  1.9510761e+000  4.0994079e+000  1.2628149e+000  2.6631892e+000
  1.0000000e+000  4.0028518e+000  2.0664538e+000  3.9436211e+000  2.2979221e+000  3.1806780e+000  2.5821465e+000  3.3476954e+000  1.7600656e+000  2.1343165e+000  3.5307304e+000
  2.0000000e+000  3.8816121e+000  4.7443172e+000  3.3233038e+000  2.1761524e+000  4.3409280e+000  4.2196717e+000  3.4658358e+000  3.2098981e+000  3.7146676e+000  3.0434284e+000
  1.0000000e+000  4.6406551e+000  1.8644193e+000  5.2286462e+000  1.7769663e+000  4.0693180e+000  2.8660065e+000  2.8024490e+000  1.7370433e+000  2.8303389e+000  3.7237354e+000
  2.0000000e+000  2.9098778e+000  3.5113788e+000  2.7838676e+000  2.0200455e+000  3.2088024e+000  3.5707064e+000  3.9091256e+000  1.6827609e+000  2.6827470e+000  2.7926976e+000
  2.0000000e+000  2.2730613e+000  2.5408640e+000  3.1762071e+000  2.6273831e+000  3.3983623e+000  1.8584048e+000  2.8747972e+000  3.5846882e+000  2.6578223e+000  3.2822953e+000
  2.0000000e+000  3.4889165e+000  2.3863159e+000  4.2952526e+000  2.1978920e+000  1.9863097e+000  2.5403859e+000  2.7830117e+000  1.9840721e+000  3.7554193e+000  4.6192656e+000
  2.0000000e+000  1.1153482e+000  1.6881047e+000  3.0065364e+000  1.5857997e+000  3.3965150e+000  3.3895961e+000  3.8727632e+000  2.2983661e+000  4.1937289e+000  1.6990862e+000
  2.0000000e+000  3.2461541e+000  1.8262773e+000  5.3470561e+000  3.9809335e+000  2.9577856e+000  4.8175773e+000  1.6651025e+000  3.0279563e+000  4.3778613e+000  4.3768892e-001
