  2.0000000e+000  3.3400976e+000  2.7173168e+000  5.3469066e+000  3.7823138e+000  2.5835052e+000  3.7482365e+000  1.0388376e+000  3.1067430e+000  1.6339589e+000  3.3961236e+000
  1.0000000e+000  2.9419568e+000  2.1513175e+000  4.8375629e+000  2.2204779e+000  2.7725961e+000  2.8700982e+000  3.5831978e+000  2.3881600e+000  2.1766518e+000  3.0671064e+000
  1.0000000e+000  2.9447561e+000  3.4029514e+000  2.3268180e+000  3.0646991e+000  1.8354213e+000  3.0908100e+000  3.3075406e+000  2.8226793e+000  3.3827124e+000  2.5535198e+000
  2.0000000e+000  3.6880107e+000  3.0442240e+000  3.5429863e+000  3.7474680e+000  1.8446473e+000  4.3604355e+000  3.8438251e+000  9.9636930e-001  3.8164657e+000  2.6373793e+000
  2.0000000e+000  3.4516188e+000  3.6038255e+000  2.5975196e+000  1.6918391e+000  3.7203027e+000  3.0122580e+000  4.0236743e+000  4.8273146e+000  4.0425568e+000  3.4205144e+000
  2.0000000e+000  3.3271397e+000  4.1541405e+000  4.3164894e+000  4.4925810e+000  2.0374079e+000  2.1409762e+000  2.0726501e+000  4.9837995e+000  2.6375978e+000  2.4030433e+000
  2.0000000e+000  3.2325125e+000  2.0565063e+000  2.3412717e+000  3.0790031e+000  3.4647926e+000  2.7179646e+000  2.8219533e+000  2.2458839e+000  1.4930233e+000  3.3734945e+000
  2.0000000e+000  2.0523862e+000  2.0418519e+000  9.9285664e-001  1.9328614e+000  2.5541466e+000  3.5193136e+000  4.1106023e+000  3.3526493e+000  2.1386998e+000  3.2012105e+000
  2.0000000e+000  4.6744220e+000  2.6727190e+000  3.2351334e+000  2.1081542e+000  4.0878241e+000  4.0540960e+000  4.4675563e+000  2.8081358e+000  3.9330421e+000  3.7856591e+000
  2.0000000e+000  4.2244774e+000  1.7508562e+000  3.1645513e+000  3.3489702e+000  1.9733045e+000  2.6645055e+000  2.8733084e+000  2.1722723e+000  2.4679015e+000  2.2457554e+000
  2.0000000e+000  4.2130529e+000  1.5723746e+000  1.0111966e+000  5.0583964e+000  1.9416811e+000  1.3782784e+000  3.2192223e+000  1.0453304e+000  4.3687968e+000  2.8251300e+000
  2.0000000e+000  1.9367430e+000  4.3038177e+000  3.6831681e+000  2.4984103e+000  3.3042218e+000  2.2805493e+000  4.3974243e+000  2.5674810e+000  2.7198154e+000  4.0836815e+000
  1.0000000e+000  3.3330477e+000  3.7389504e+000  4.6768234e+000  2.4795369e+000  1.8022139e+000  2.7183855e+000  3.8657392e+000  1.6463252e+000  3.3562379e+000  3.4937245e+000
  1.0000000e+000  1.3490285e+000  3.2727003e+000  3.1456866e+000  2.8521839e+000  4.2747766e+000  2.7274630e+000  3.5409879e+000  4.7191693e+000  2.6851524e-001  3.1547196e+000
  1.0000000e+000  3.8010048e+000  3.0362433e+000  2.5302132e+000  3.0465588e+000  3.5180979e+000  3.2206610e+000  3.0946305e+000  3.6512478e+000  3.7557176e+000  2.0234733e+000
  2.0000000e+000  2.0393736e+000  3.0125407e+000  2.5498819e+000  2.4131348e+000  2.2925107e+000  2.9831538e+000  2.7017373e+000  3.5186894e+000  3.5824111e+000  3.7883290e+000
  2.0000000e+000  3.4875874e+000  3.3211437e+000  1.7536413e+000  3.2444649e+000  2.2063153e+000  3.5783011e+000  1.7558561e+000  2.6795032e+000  2.4009901e+000  3.2977297e+000
  2.0000000e+000  2.4957906e+000  2.3496905e+000  2.0481052e+000  3.2013933e+000  3.3282366e-001  3.8349746e+000  3.2420719e+000  2.7523995e+000  2.6496863e+000  4.2613167e+000
  2.0000000e+000  3.8879265e+000  4.3892180e+000  3.4112523e+000  2.4958166e+000  2.8215813e+000  1.9604361e+000  2.4801675e+000  4.2092592e+000  3.3649524e+000  2.5653893e+000
  2.0000000e+000  3.4601815e+000  1.2634947e+000  3.1690224e+000  2.8513606e+000  1.7000070e+000  9.2347756e-001  2.9959747e+000  2.1949206e+000  3.1729199e+000  2.9813957e+000
  2.0000000e+000  3.5718400e+000  2.5667126e+000  3.5769263e+000  3.7503952e+000  3.9510495e+000  2.7505534e+000  2.8549388e+000  2.1102277e+000  2.8239638e+000  4.3775527e+000
  2.0000000e+000  3.8908178e+000  1.8169465e+000  3.9391776e+000  3.0371914e+000  2.6612257e+000  4.1873801e+000  3.2174778e+000  2.6826731e+000  4.3621973e+000  3.8348508e+000
  2.0000000e+000  2.8884796e+000  2.9001707e+000  3.0960497e+000  2.7952960e+000  3.6669622e+000  3.1917108e+000  2.6649624e+000  3.2468985e+000  2.0464747e+000  3.9301258e+000
  1.0000000e+000  3.2801129e+000  2.5036647e+000  2.9236065e+000  3.8201672e+000  3.5164692e+000  3.0867404e+000  3.6622743e+000  4.2234119e+000  3.1847401e+000  3.1313974e+000
  2.0000000e+000  3.3992138e+000  3.1832168e+000  2.4360989e+000  9.6969878e-001  1.0917700e+000  3.0301713e+000  1.0314091e+000  2.8374640e+000  1.9540157e+000  1.8105241e+000
  2.0000000e+000  2.4993441e+000  3.9648774e+000  4.4659242e+000  3.6217700e+000  2.4547220e+000  2.0899665e+000  2.3375539e+000  4.0484631e+000  1.6765865e+000  2.5943350e+000
  2.0000000e+000  2.2157816e+000  3.0574562e+000  4.7092386e+000  4.9167509e+000  1.4973766e+000  3.0375630e+000  4.0206309e+000  2.0225926e+000  4.4077231e+000  2.9558231e+000
  1.0000000e+000  3.1984657e+000  3.0695377e+000  1.5668179e+000  2.1330361e+000  1.3299017e+000  3.1063118e+000  3.0237234e+000  3.6585504e+000  4.4982677e+000  3.2525949e+000
  1.0000000e+000  2.1105009e+000  3.5633693e+000  3.7233029e+000  3.8571231e+000  3.2698059e+000  2.9143260e+000  3.6594661e+000  3.5224915e+000  2.5204981e+000  3.8590988e+000
  2.0000000e+000  3.5360357e+000  2.1117231e+000  1.8624003e+000  1.3143994e+000  3.1635548e+000  3.4747727e+000  8.4642481e-001  2.0101318e+000  4.3148732e+000  2.3260646e+000
  1.0000000e+000  2.3260553e+000  4.7258738e+000  3.0534656e+000  3.7764890e+000  2.1938169e+000  2.9286517e+000  3.4772706e+000  2.5657565e+000  4.4354223e+000  6.6837434e-001
  2.0000000e+000  2.7449161e+000  3.7096126e+000  2.8072974e+000  2.2452219e+000  2.7485890e+000  3.4253952e+000  2.6475295e+000  4.0646083e+000  3.7747779e+000  1.4004721e+000
  2.0000000e+000  2.7229870e-001  2.7989800e+000  3.6146986e+000  2.0980312e+000  1.8228617e+000  2.9514130e+000  4.1136821e+000  2.5081968e+000  2.5044814e+000  5.0083185e+000
  2.0000000e+000  1.8601019e+000  2.8825632e+000  3.2218698e+000  3.9799411e+000  1.7386592e+000  3.5194494e+000  2.9522790e+000  2.2808176e+000  3.1907371e+000  2.1164312e+000
  2.0000000e+000  2.6557847e+000  2.2717684e+000  4.1193584e+000  2.2765629e+000  3.6104537e+000  3.5313548e+000  2.9758782e+000  5.0627875e+000  3.9921911e+000  4.3125939e+000
  2.0000000e+000  2.6980804e+000  2.5198071e+000  1.8626517e+000  3.5482515e+000  4.1736195e+000  4.1469550e+000  2.4929955e+000  3.1609011e+000  3.9908548e+000  2.8593121e+000
  2.0000000e+000  3.5567538e+000  2.5282910e+000  3.1848503e+000  3.2539341e+000  2.6574801e+000  2.5658903e+000  1.3931329e+000  4.6186505e+000  3.3690122e+000  2.1521158e+000
  2.0000000e+000  2.6230894e+000  2.3725534e+000  3.7831676e+000  2.6732546e+000  1.5937236e+000  3.5424248e+000  3.8768643e+000  3.5389320e+000  2.2924931e+000  2.5850874e+000
  2.0000000e+000  1.1997099e+000  3.4902494e+000  4.2435254e+000  4.1890971e+000  3.8827547e+000  1.4438399e+000  1.5848201e+000  4.1248092e+000  3.6223832e+000  2.9311918e+000
  2.0000000e+000  2.9000269e+000  3.8779698e+000  1.1291874e+000  3.3768004e+000  3.4463808e+000  5.6185310e+000  2.9193114e+000  3.7446698e+000  2.2045295e+000  2.3984812e+000
  2.0000000e+000  3.5451357e+000  1.4737198e+000  3.7953424e+000  2.0338072e+000  3.4607637e+000  3.6104837e+000  2.6943454e+000  4.6614222e+000  3.6442498e+000  3.3083999e+000
  2.0000000e+000  4.6671982e+000  2.3892504e+000  3.3397898e+000  3.5524620e+000  1.3154210e+000  2.7036531e+000  2.7733636e+000  2.3063359e+000  1.7437845e+000  2.5600313e+000
  2.0000000e+000  2.4475233e+000  1.7625142e+000  2.9936741e+000  3.1551244e+000  3.9933542e+000  1.5116717e+000  2.4618854e+000  2.4274970e+000  3.6956739e+000  2.5626038e+000
  2.0000000e+000  7.3255503e-001  3.4328297e+000  3.8747584e+000  1.9579815e+000  4.0300108e+000  1.5592108e+000  2.5925414e+000  2.7935806e+000  3.0179706e+000  3.3168464e+000
  2.0000000e+000  2.0628576e+000  4.3122688e+000  3.5187643e+000  5.5638497e+000  4.3685482e+000  1.9076129e+000  3.4900668e+000  2.6056794e+000  2.8719582e+000  4.5543963e+000
  2.0000000e+000  1.1256238e+000  2.7684301e+000  3.0076508e+000  4.0746150e+000  4.5922522e+000  3.7226848e+000  2.6772283e+000  2.0285539e+000  2.8525847e+000  2.4093528e+000
  2.0000000e+000  2.9683669e+000  2.4752392e+000  2.0361799e+000  3.5897547e+000  2.5638459e+000  2.7962198e+000  1.9337736e+000  2.2690823e+000  2.5517039e+000  1.5466595e+000
  2.0000000e+000  2.7809994e+000  2.0324689e+000  4.0341256e+000  2.9003453e+000  2.8489763e+000  2.3143554e+000  3.9379440e+000  2.1312842e+000  3.7355542e+000  1.8278137e+000
  1.0000000e+000  1.2267362e+000  4.1425568e+000  3.9631978e+000  1.6765104e+000  3.0041373e+000  3.2481152e+000  3.2022959e+000  3.1671367e+000  1.2048760e+000  8.3820627e-001
  2.0000000e+000  3.0613640e+000  2.2616180e+000  1.3601067e+000  4.0266156e+000  1.7012919e+000  5.3376769e+000  4.0156114e+000  1.5005349e+000  4.7401901e+000  3.8351382e+000
  2.0000000e+000  3.4313177e+000  2.3614587e+000  3.2468405e+000  2.1790544e+000  9.6700984e-001  2.3243294e+000  3.2037672e+000  3.3870614e+000  2.1431864e+000  4.2600971e+000
  2.0000000e+000  4.0360296e+000  3.4340216e+000  4.4402206e+000  3.8974876e+000  2.5157436e+000  3.9455991e+000  1.9573596e+000  5.2867725e+000  2.0170970e+000  4.2419155e+000
  2.0000000e+000  4.5624062e+000  2.7284481e+000  4.4705460e+000  3.1943094e+000  5.2037656e+000  2.5180924e+000  8.6161734e-001  2.0662075e+000  9.8380789e-001  2.2993109e+000
  2.0000000e+000  1.4304475e+000  3.5945332e+000  3.7573748e+000  4.2487709e+000  2.1889581e+000  3.3197357e+000  2.6035966e+000  3.7925318e+000  4.2736981e+000  1.9148697e+000
  2.0000000e+000  3.9783855e+000  2.5598936e+000  3.4648666e+000  2.1696868e+000  2.6821076e+000  1.3196098e+000  3.2912902e+000  3.1866295e+000  3.4668791e+000  2.3138396e+000
  2.0000000e+000  3.1161961e+000  3.2704453e+000  4.2227406e+000  3.1389412e+000  2.3314866e+000  2.0013010e+000  2.9804068e+000  2.6298780e+000  3.2165565e+000  2.6753643e+000
  2.0000000e+000  2.4406801e+000  3.3492493e+000 -4.3731183e-001  3.4858180e+000  4.7228232e+000  3.8720564e+000  2.5493249e+000  6.3587826e-001  2.7452581e+000  2.2332788e+000
  2.0000000e+000  4.3789699e+000  3.2680135e+000  1.7356238e+000  2.6707469e+000  2.6116071e+000  3.3603945e+000  2.7133181e+000  4.3363243e+000  1.9095179e+000  4.3854982e+000
  2.0000000e+000  2.4781951e+000  3.0676534e+000  2.9335534e+000  2.9196226e+000  3.1559195e+000  1.4472959e+000  2.7522867e+000  4.7711999e+000  2.2173526e+000  3.9012596e+000
  2.0000000e+000  1.2361153e+000  2.1441164e+000  2.1404458e+000  3.3929974e+000  1.2936080e+000  1.5236872e+000  2.9207454e+000  2.0288035e+000  2.6462696e+000  2.2276562e+000
  2.0000000e+000  4.0513586e+000  3.5189668e+000  2.1722847e+000  3.4024809e+000  3.2179319e+000  3.3500024e+000  4.0806496e+000  2.3689660e+000  3.0231763e+000  2.0532700e+000
  2.0000000e+000  2.9423758e+000  4.9197586e+000  3.1644661e+000  2.8660095e+000  3.7103667e+000  4.1122191e+000  4.2918622e+000  2.4625148e+000  4.3618657e+000  3.8304989e+000
  2.0000000e+000  2.7241779e+000  1.8085262e+000  3.8864947e+000  3.8843632e+000  7.5563050e-001  4.2198684e+000  4.2022632e+000  2.7617250e+000  4.5871487e+000  1.9350974e+000
  1.0000000e+000  2.2143455e+000  3.3021840e+000  2.5908968e+000  4.1384841e+000  2.1325659e+000  2.9074353e+000  3.8359292e+000  4.1267269e+000  3.8645576e+000  2.1477234e+000
  2.0000000e+000  3.4023240e+000  1.9104297e+000  3.6032252e+000  3.5453230e+000  3.4389011e+000  4.2745403e+000  4.7570527e+000  2.9108604e+000  2.7065867e+000  3.5993608e+000
  2.0000000e+000  3.2882271e+000  4.3622280e+000  1.8137896e+000  2.2261009e+000  3.9161782e+000  2.9716216e+000  2.8005492e+000  3.0606526e+000  4.2546434e+000  3.4778601e+000
  2.0000000e+000  5.1230198e+000  2.8214982e+000  2.7851558e+000  3.2123927e+000  3.7554461e+000  3.2902308e+000  7.6133628e-001  3.0156689e+000  2.7723269e+000  2.8299544e+000
  1.0000000e+000  3.2001134e+000  4.0705575e+000  3.6056451e+000  3.4996095e+000  4.0598037e+000  2.2135613e+000  3.0450461e+000  4.0801891e+000  4.5676963e+000  3.5956443e+000
  1.0000000e+000  4.6935742e+000  3.1424850e+000  2.1728181e+000  2.7402235e+000  3.6019318e+000  2.9711316e+000  3.1968227e+000  2.8563061e+000  3.1724217e+000  3.0425070e+000
  2.0000000e+000  1.1425281e+000  2.9588232e+000  3.9964907e+000  3.6570577e+000  3.3078345e+000  2.5093675e+000  1.7709130e+000  2.3986175e+000  3.1160856e+000  4.6407759e+000
  2.0000000e+000  2.8986881e+000  2.7975136e+000  2.2289814e+000  1.6553271e+000  3.5433127e+000  3.5261925e+000  4.3038471e+000  4.6429482e+000  2.8568807e+000  2.4949000e+000
  2.0000000e+000  2.9439287e+000  3.3401555e+000  2.8801658e+000  5.2071037e+000  1.9870119e+000  2.7472844e+000  2.1829862e+000  4.2665810e+000  3.1101600e+000  4.3758572e+000
  2.0000000e+000  3.5009581e+000  2.4908992e+000  1.8762494e+000  3.8186238e+000  2.6087413e+000  3.9850728e+000  2.7999352e+000  3.0480128e+000  2.4555672e+000  3.0302765e+000
  2.0000000e+000  2.9185189e+000  3.2659258e+000  2.3647794e+000  2.5086908e+000  2.0719336e+000  2.3621695e+000  2.7243737e+000  2.6817661e+000  4.2122033e+000  3.5419113e+000
  2.0000000e+000  2.8906259e+000  1.8206807e+000  1.4963660e+000  1.9743582e+000  2.2429315e+000  3.8984794e+000  2.1082350e+000  8.6812792e-001  3.8125330e+000  2.2120944e+000
  2.0000000e+000  2.1510990e+000  4.3517228e+000  9.2604174e-001  2.7375212e+000  2.4007451e+000  2.0948925e+000  2.1174707e+000  2.7488671e+000  3.6825547e+000  2.3739844e+000
  1.0000000e+000  4.6092703e+000  2.7873487e+000  2.9083315e+000  2.1375617e+000  2.6745112e+000  3.4300016e+000  3.1338529e+000  9.0224522e-001  4.3243806e+000  4.0156942e+000
  2.0000000e+000  2.5417814e+000  3.8558625e+000  1.7412104e+000  3.8101148e+000  2.2774773e+000  1.8599380e+000  5.3505073e+000  3.4984039e+000  4.1252878e+000  2.5765689e+000
  2.0000000e+000  3.1874386e+000  2.2571769e+000  3.1420016e+000  3.7000426e+000  2.1649461e+000  3.1052190e+000  1.5565969e+000  2.1254896e+000  2.6656749e+000  3.6693279e+000
  1.0000000e+000  3.1739467e+000  4.2670807e+000  3.2494482e+000  3.7916531e+000  4.4712525e+000  3.0816515e+000  3.1978994e+000  1.7544039e+000  1.7004742e+000  3.4586075e+000
  2.0000000e+000  4.3553436e+000  2.2165679e+000  3.4130019e+000  3.2510466e+000  2.8291571e+000  2.6552417e+000  2.6843622e+000  3.7226360e+000  2.2168456e+000  2.0292075e+000
  2.0000000e+000  4.3349382e+000  2.5744887e+000  1.4501533e+000  3.1456182e+000  2.9907878e+000  4.8403668e+000  5.3231102e+000  3.8980770e+000  3.9285841e+000  1.0783331e+000
  2.0000000e+000  4.2817965e+000  2.7530000e+000  3.4940780e+000  3.0884641e+000  2.4563921e+000  1.3739155e+000  5.0097310e+000  5.4411873e+000  9.3955029e-001  1.8184516e+000
  2.0000000e+000  3.4971987e+000  2.0518209e+000  1.4797406e+000  4.0916722e+000  1.9541589e+000  4.1465964e+000  2.9042848e+000  2.5230173e+000  5.1183148e+000  2.8325782e-001
  2.0000000e+000  2.1965217e+000  4.6201596e+000  3.2053148e+000  1.7506147e+000  2.5849374e+000  3.2457903e+000  2.4658512e+000  2.5793737e+000  1.6557025e-002  3.1819239e+000
  2.0000000e+000  2.7253717e+000  2.9507440e+000  1.4026602e+000  1.6721124e+000  4.4145066e+000  2.6418994e+000  2.6340634e+000  3.8358398e+000  4.2763691e+000  4.2881313e+000
  2.0000000e+000  1.8982202e+000  3.1903357e+000  3.8976786e+000  2.1857997e+000  3.8546825e+000  3.8344097e+000  3.5869995e+000  3.3605861e+000  2.1039392e+000  3.3278335e+000
  2.0000000e+000  2.5483704e+000  3.0983727e+000  3.5707850e+000  5.0819933e+000  4.8915180e+000  2.9876204e+000  4.8178071e+000  2.6483985e+000  2.0516517e+000  3.6259708e+000
  2.0000000e+000  2.4495494e+000  1.9056585e+000  3.6122464e+000  2.6152341e+000  3.9323332e+000  3.2194913e+000  1.2722565e+000  2.4722978e+000  4.2460951e+000  2.5700832e+000
  2.0000000e+000  2.5590940e+000  1.6298550e+000  3.8840632e+000  1.7579612e+000  3.1741319e+000  3.2454719e+000  2.2668042e+000  1.4328762e+000  4.2207613e+000  3.5212890e+000
  1.0000000e+000  4.0058322e+000  4.0410363e+000  3.9355087e+000  3.7720760e+000  2.3430719e+000  2.7436276e+000  3.3217007e+000  2.8210348e+000  4.3246083e+000  4.9218329e+000
  2.0000000e+000  6.4373235e+000  3.1409529e+000  3.9876939e+000  3.1064389e+000  3.1868138e+000  3.2216185e+000  2.7575558e+000  4.6809718e+000  2.9760428e+000  2.5587025e+000
  2.0000000e+000  2.6632780e+000  3.2795230e+000  3.5247147e+000  3.8624479e+000  2.3874044e+000  1.5507359e+000  2.3857985e+000  1.4030741e+000  2.4767488e+000  2.6086724e+000
  1.0000000e+000  3.2504878e+000  4.2962849e+000  3.7071673e+000  2.5817328e+000  2.4793468e+000  3.4086072e+000  3.5596361e+000  2.5436283e+000  2.7391571e+000  2.3181061e+000
  2.0000000e+000  3.8506293e+000  1.8634128e+000  2.2575281e+000  3.9858899e+000  3.4148233e+000  3.9377060e+000  2.6456463e+000  3.0872477e+000  3.6674781e+000  2.6450366e+000
  2.0000000e+000  4.3459895e+000  1.7217570e+000  3.9200847e+000  2.5763002e+000  4.3456033e+000  3.7055991e+000  9.9155825e-001  3.7253691e+000  3.8248974e+000  2.9636045e+000
  2.0000000e+000  1.7517449e+000  4.0138142e+000  2.2343714e+000  4.3492127e+000  4.3444722e+000  2.0445903e+000  2.0720560e+000  3.4863824e+000  3.9063041e+000  3.9611557e+000
  2.0000000e+000  3.5178589e+000  2.6342187e+000  3.1757737e+000  2.0635578e+000  1.8047970e+000  1.8130159e+000  2.9649557e+000  1.9602940e+000  4.3277308e+000  2.6866878e+000
  2.0000000e+000  3.2076201e+000  1.3913094e+000  2.2627301e+000  2.2130058e+000  1.8810056e+000  2.9880836e+000  4.5358910e+000  4.2411489e+000  9.7401637e-001  2.8760912e+000
  1.0000000e+000  2.2323266e+000  3.9637608e+000  4.5408934e+000  3.8992268e+000  3.2747996e+000  2.9210673e+000  3.3664221e+000  2.5425467e+000  2.7524781e+000  4.4615237e+000
