  1.0000000e+000  4.5576717e+000  3.8798123e+000  2.5578143e+000  3.1571273e+000  4.7620406e+000  2.0376648e+000  3.1412681e+000  4.2824916e+000  2.1380871e+000  3.8538484e+000
  2.0000000e+000  2.6974761e+000  4.5435611e+000  4.0067891e+000  2.4802682e+000  2.7936553e+000  3.4078931e+000  2.2398469e+000  4.8229385e+000  1.2303222e+000  2.2952119e+000
  2.0000000e+000  2.1048996e+000  1.5746843e+000  4.6517103e+000  2.2119902e+000  3.0982648e+000  2.0327301e+000  4.6070256e+000  3.7695319e+000  4.9551984e+000  3.1881754e+000
  1.0000000e+000  3.6433602e+000  1.2164963e+000  2.2662781e+000  3.4884633e+000  3.8851628e+000  1.8040763e+000 -5.2553754e-001  3.6591167e+000  3.5634159e+000  2.6468256e+000
  2.0000000e+000  2.7137244e+000  4.1170275e+000  2.6049366e+000  5.2483704e+000  2.1343993e+000  2.7467218e+000  2.8276421e+000  3.0451386e+000  2.6764831e+000  2.4585098e+000
  1.0000000e+000  2.3490865e+000  1.7637598e+000  2.8759789e+000  3.4863535e+000  3.8578342e+000  2.6896749e+000  4.1687243e+000  3.8180207e+000  4.1164410e+000  3.3146921e+000
  1.0000000e+000  2.3931956e+000  3.2233458e+000  3.1963761e+000  3.5241073e+000  2.4147309e+000  3.4004534e+000  2.6857302e+000  3.7673645e+000  2.5366471e+000  1.2355251e+000
  2.0000000e+000  3.0519942e+000  3.2357573e+000  2.7062240e+000  2.3440733e+000  3.4030053e+000  4.9246721e+000  2.0563530e+000  5.2442749e+000  4.8650518e+000  2.7784231e+000
  2.0000000e+000  4.3489618e+000  4.5462713e+000  3.4810969e+000  2.3791159e+000  3.3015788e+000  1.6594419e+000  3.4311680e+000  6.1823589e-001  7.2654590e-001  3.2760038e+000
  2.0000000e+000  4.4285987e+000  1.4444737e+000  2.0283306e+000  4.5787745e+000  4.3056017e+000  2.1519528e+000  4.0648814e+000  3.0238566e+000  4.8209119e+000  3.6614171e+000
  1.0000000e+000  1.6393219e+000  2.4929062e+000  2.3589032e+000  3.6955612e+000  2.9718279e+000  2.6580543e+000  2.8252772e+000  3.0389006e+000  4.5015173e+000  2.9906189e+000
  1.0000000e+000  3.9583596e+000  1.5245927e+000  2.2004294e+000  3.3921315e+000  3.3925678e+000  2.1178114e+000  3.5860714e+000  2.2951112e+000  3.0861753e+000  1.6331506e+000
  1.0000000e+000  2.8136963e+000  4.1403466e+000  2.8665257e+000  3.1249993e+000  2.3219900e+000  2.7502359e+000  4.0893841e+000  3.7814867e+000  2.5813349e+000  2.1792907e+000
  2.0000000e+000  4.7138479e+000  3.2907581e+000  1.3648455e+000  2.4981087e+000  3.1001025e+000  3.1630855e+000  2.7882666e+000  3.8117010e+000  3.5086146e+000  2.9470298e+000
  2.0000000e+000  1.3872229e+000  3.3271309e+000  1.9231357e+000  2.9370203e+000  2.3517629e+000  2.5432361e+000  2.1215082e+000  3.9805637e+000  2.1586135e+000  3.8926017e+000
  2.0000000e+000  1.7297361e+000  2.5570118e+000  3.1037725e+000  1.5005370e+000  3.9950793e+000  4.8567117e-001  5.3217357e+000  4.3153048e+000  2.3804408e+000  4.9246233e+000
  2.0000000e+000  4.4957869e+000  2.4935045e+000  8.1953198e-001  1.4293389e+000  2.9001068e+000  2.4590085e+000  2.3725525e+000  4.0038550e+000  2.7117642e+000  1.3247701e+000
  2.0000000e+000  3.0847542e+000  2.7482342e+000  4.5319009e+000  2.2929220e+000  4.7967840e+000  4.2204728e+000  3.1238042e+000  2.1444274e+000  2.5322335e+000  8.6384990e-001
  2.0000000e+000  3.2133157e+000  1.0334604e+000  4.2686851e+000  2.8500739e+000  3.6518827e+000  2.3981973e+000  3.5933058e+000  2.6867081e+000  4.3741709e+000  1.1816718e+000
  2.0000000e+000  4.1446672e+000  2.2801529e+000  1.8421606e+000  2.6280620e+000  3.8360959e+000  3.4249646e+000  4.8797636e+000  2.9155068e+000  1.5715318e+000  3.5529965e+000
  2.0000000e+000  2.3532482e+000  3.9986737e+000  1.7497246e+000  3.7481744e+000  2.9783152e+000  1.5653847e+000  2.9224072e+000  3.7403022e+000  2.8461425e+000  3.3162299e+000
  1.0000000e+000  2.3609734e+000  1.2539013e+000  3.5162344e+000  3.6342535e+000  1.3626142e+000  1.3669447e+000  3.4174204e+000  4.7377939e+000  4.1296216e+000  4.0774895e+000
  2.0000000e+000  2.7663058e+000  1.6851396e+000  4.0986830e+000  4.4451524e+000  1.1266987e+000  2.1683142e+000  3.5684576e+000  2.6153977e+000  2.2740972e+000  2.5961670e+000
  1.0000000e+000  2.9478907e+000  3.1305152e+000  3.3112256e+000  3.2444882e+000  3.1755144e+000  1.5383017e+000  2.4057648e+000  2.1444924e+000  3.8247266e+000  1.0318011e+000
  1.0000000e+000  2.9786684e+000  4.1884067e+000  2.7593780e+000  3.4371581e+000  3.8971698e+000  3.6537004e+000  3.2893562e+000  4.9790297e+000  3.7070923e+000  2.1027477e+000
  2.0000000e+000  4.0371817e+000  4.2539436e+000  2.0823038e+000  2.0904936e+000  2.7678316e+000  2.8929595e+000  2.5931655e+000  1.5977866e+000  3.9262739e+000  3.7577899e+000
  2.0000000e+000  4.6664312e+000  3.7926886e+000  3.6883635e+000  5.3495657e+000  2.6530903e+000  2.8784289e+000  3.8982901e+000  3.9118174e+000  3.7171323e+000  2.8324825e+000
  2.0000000e+000  4.5642619e+000  4.1591104e+000  2.1445733e+000  2.3605586e+000  4.0476223e+000  3.4544948e+000  4.4827578e+000  3.7129520e+000  3.4010586e+000  1.8765084e+000
  2.0000000e+000  5.0443551e+000  3.2337081e+000  3.3896168e+000  3.0855816e+000  2.9319623e+000  2.8730361e+000  3.0908317e+000  3.5688955e+000  2.0433928e+000  2.0781622e+000
  2.0000000e+000  2.2848474e+000  3.8709088e+000  2.6233673e+000  2.7121905e+000  2.0385527e+000  2.4905755e+000  2.8096062e+000  9.8329469e-001  3.0788409e+000  3.2607324e+000
  2.0000000e+000  1.9043264e+000  1.7512530e+000  3.3085244e+000  2.6265893e+000  3.6255317e+000  4.6793691e+000  1.9503322e+000  1.5278758e+000  2.3535438e+000  2.0641223e+000
  2.0000000e+000  3.7307249e+000  3.0250280e+000  3.7139594e+000  3.8418396e+000  3.4555869e+000  3.9724069e+000  3.4619888e+000  2.7295280e+000  2.8895659e+000  3.1381745e+000
  2.0000000e+000  3.8930435e+000  1.9746376e+000  2.4851906e+000  2.8078242e+000  2.5303205e+000  1.7426004e+000  6.4338153e-001  2.5259670e+000  2.2096993e+000  2.6406267e+000
  2.0000000e+000  2.8063485e+000  2.7852933e+000  4.5742514e+000  1.7553442e+000  2.3802892e+000  4.7121480e+000  3.1007326e+000  2.5299297e+000  2.8346154e+000  2.1624454e+000
  2.0000000e+000  7.7990943e-001  2.0656372e+000  2.7481025e+000  3.5153952e+000  3.1823420e+000  2.2515859e+000  2.4944829e+000  3.7400272e+000  1.6618125e+000  3.5548623e+000
  2.0000000e+000  2.4615886e+000  2.6161496e+000  1.6611774e+000  3.2706447e+000  1.1607158e+000  4.2415327e+000  3.5550763e+000  2.9050862e+000  3.9263391e+000  2.2964107e+000
  2.0000000e+000  2.1551514e+000  2.2087437e+000  4.1713128e+000  3.9386094e+000  3.4740191e+000  2.8325115e+000  2.6692462e+000  2.8411715e+000  2.0155394e+000  1.1766471e+000
  1.0000000e+000  3.1751905e+000  4.7636748e+000  3.5933508e+000  3.2887895e+000  4.8976743e+000  4.0271896e+000  2.9153838e+000  4.0715138e+000  2.7608775e+000  3.0087082e+000
  2.0000000e+000  1.2929824e+000  4.2143212e+000  5.6149414e+000  2.2902030e+000  3.1264982e+000  2.8969885e+000  1.6262240e+000  4.9747744e+000  3.4487856e+000  3.7735743e+000
  2.0000000e+000  3.6988705e+000  4.0377375e+000  2.2970410e+000  2.5301720e+000  1.7160367e+000  3.0531957e+000  2.5869878e+000  4.4010564e+000  2.5333944e+000  3.3169679e+000
  2.0000000e+000  1.6245432e+000  2.2282586e+000  1.9368949e+000  2.4586860e+000  1.1968296e+000  1.2563464e+000  2.9358460e+000  3.4583717e+000  7.2795063e-001  2.5167604e+000
  1.0000000e+000  2.4557155e+000  3.5098673e+000  3.7899858e+000  3.5594406e+000  1.5645787e+000  2.6715311e+000  5.3782816e+000  3.5498791e+000  4.6309969e+000  1.8347071e+000
  2.0000000e+000  4.0371665e+000  2.9566133e+000  2.3957798e+000  1.5546663e+000  3.7139767e+000  3.9787409e+000  4.9233803e+000  3.8773719e+000  1.7489901e+000  4.5149153e+000
  2.0000000e+000  3.4986218e+000  3.7662149e+000  2.7823209e+000  1.8560462e+000  3.9486746e+000  2.4023019e+000  5.0139313e+000  5.3602120e+000  2.0126395e+000  2.0730350e+000
  2.0000000e+000  3.3562969e+000  2.4469685e+000  2.6882536e+000  5.0613255e+000  2.5660453e+000  2.2988796e+000  4.9417521e+000  2.9096635e+000  2.5865471e+000  2.5690379e+000
  2.0000000e+000  3.8290961e+000  4.3422005e+000  2.9056701e+000  2.6830992e+000  3.4350142e+000  2.8735646e+000  3.8723549e+000  9.8217082e-001  2.9997653e+000  1.0441130e+000
  2.0000000e+000  3.9739472e+000  1.9854760e+000  9.6629585e-001  4.3029264e+000  1.5956089e+000  3.6176539e+000  2.9488481e+000  1.9821907e+000  3.1312270e+000  3.5534178e+000
  2.0000000e+000  4.0055794e+000  2.8349067e+000  3.3426109e+000  2.6865223e+000  2.9650184e+000  2.7304423e+000  2.5913303e+000  2.3584198e+000  1.9220446e+000  3.8627084e+000
  2.0000000e+000  2.9516200e+000  4.0933146e+000  2.6713154e+000  2.1804110e+000  3.9234043e+000  4.4251026e+000  2.5852800e+000  1.1584562e+000  4.1383608e+000  3.4091769e+000
  2.0000000e+000  3.2264994e+000  1.6914089e+000  3.8705213e+000  3.9155902e+000  3.4761695e+000  3.7111659e+000  3.5084022e+000  3.1766446e+000  2.8125579e+000  2.9560095e+000
  1.0000000e+000  1.7219134e+000  4.4533492e+000  3.4837852e+000  3.4479864e+000  3.9936792e+000  3.5351711e+000  4.2082125e+000  3.8347121e+000  3.5992028e+000  3.2570861e+000
  2.0000000e+000  2.4571034e+000  3.5038232e+000  3.1549151e+000  4.0180165e+000  4.2440905e+000  7.2732339e-001  2.1339522e+000  3.2597978e+000  3.3279130e+000  3.8523916e+000
  2.0000000e+000  1.5771605e+000  2.8988547e+000  4.3321486e+000  3.3343524e+000  3.1716227e+000  4.5293765e+000  3.0663773e+000  3.2755666e+000  3.6123520e+000  3.7477918e+000
  2.0000000e+000  3.9204166e+000  2.4261207e+000  4.0058985e+000  3.5607666e+000  3.0741440e+000  4.3072247e+000  2.7725348e+000  2.7325661e+000  2.1836948e+000  3.3249757e+000
  2.0000000e+000  1.8415812e+000  2.1671612e+000  3.5062676e+000  2.2804161e+000  3.5963673e+000  3.8692335e+000  2.7771939e+000  2.2407189e+000  4.1071911e+000  3.9031604e+000
  2.0000000e+000  2.4562437e+000  4.1932173e+000  5.2006743e+000  4.9635158e+000  3.4427138e+000  3.1615162e+000  2.4345805e+000  4.2045612e+000  2.8445986e+000  3.8927643e+000
  2.0000000e+000  3.0374389e+000  9.3716682e-001  2.8968320e+000  5.1095039e+000  2.3677859e+000  3.2972288e+000  4.0893213e+000  1.9735636e+000  1.5528214e+000  4.2125737e+000
  2.0000000e+000  2.6895405e+000  1.7005777e+000  3.4408980e+000  2.7636227e+000  9.9770786e-001  3.7927742e+000  3.3186699e+000  2.3854624e+000  2.3122880e+000  1.3148956e+000
  2.0000000e+000  2.7415150e+000  3.2438755e+000  2.3719529e+000  1.9063103e+000  1.5373875e+000  2.0771412e+000  3.1474962e+000  2.0386251e+000  2.8935632e+000  1.9202068e+000
  2.0000000e+000  3.5304052e+000  1.6666733e+000  4.1705198e+000  3.0649920e+000  2.8003962e+000  2.2641191e+000  2.7772198e+000  3.7603620e+000  4.2483050e+000  1.7373425e+000
  2.0000000e+000  4.2131285e+000  1.1755426e+000  2.4358143e+000  4.0950356e+000  2.8051568e+000  4.9467542e+000  2.8845141e+000  3.5046500e+000  2.9608626e+000  2.4814501e+000
  2.0000000e+000  3.7345566e+000  1.7935638e+000  3.7709460e+000  2.8447018e+000  3.4393172e+000  2.9016298e+000  2.7261553e+000  1.1838084e+000  1.7444292e+000  4.0708372e+000
  1.0000000e+000  2.7800986e+000  3.8168478e+000  2.5572635e+000  3.5933177e+000  3.4256472e+000  2.0365449e+000  1.6599983e+000  3.4109233e+000  4.8858709e+000  3.7038386e+000
  2.0000000e+000  2.2351712e+000  1.1980185e+000  4.4369667e+000  4.6456653e+000  3.1312621e+000  4.0170267e+000  4.0013635e+000  2.9016367e+000  4.1133095e+000  1.4437566e+000
  2.0000000e+000  2.5088658e+000  3.1579180e+000  3.4632525e+000  4.2122373e+000  2.3914390e+000  3.4623794e+000 -5.2860059e-001  2.6925945e+000  2.4861831e+000  1.3406233e+000
  2.0000000e+000  3.7072104e+000  2.0048982e+000  4.4525156e+000  6.8154107e-001  2.4378183e+000  3.0860785e+000  7.5591267e-001  2.7066170e+000  3.7958953e+000  2.6007736e+000
  2.0000000e+000  3.6529659e+000  2.9390875e+000  1.4487061e+000  3.4731710e+000  2.2461247e+000  1.7374978e+000  3.0133498e+000  3.9130750e+000  4.7501671e+000  3.2222283e+000
  2.0000000e+000  1.1720975e+000  3.7778283e+000  3.6740632e+000  1.3110240e+000  2.6582505e+000  2.4163368e+000  2.9072083e+000  1.4997151e+000  4.0173732e+000  6.0449200e-001
  1.0000000e+000  1.8484501e+000  2.6395941e+000  2.6171802e+000  3.7712317e+000  4.1554803e+000  2.4258184e+000  4.0751271e+000  2.4328089e+000  3.4762926e+000  2.2547387e+000
  2.0000000e+000  2.3603846e+000  4.3461531e+000  1.9131024e+000  2.5154663e+000  3.1355886e+000  3.1958385e+000  2.2795029e+000  2.3112327e+000  1.9776972e+000  2.8891849e+000
  2.0000000e+000  2.7714137e+000  3.8146816e+000  3.0307720e+000  4.3867835e+000  4.0221804e+000  4.0430691e+000  4.3676984e+000  1.2445737e+000  1.4488339e+000  1.6719824e+000
  2.0000000e+000  2.6092566e+000  2.4190373e+000  2.0151228e+000  2.1143950e+000  3.1394599e+000  4.2589123e+000  2.7414763e+000  3.1611695e+000  3.2219944e+000  2.0997058e+000
  2.0000000e+000  3.1516167e+000  2.5385986e+000  2.6524125e+000  1.9897390e-001  2.4145551e+000  2.7465907e+000  3.6572873e+000  2.6390609e+000  2.9570489e+000  3.1568204e+000
  2.0000000e+000  1.8049244e+000  1.1725069e+000  3.2718823e+000  2.1806842e+000  3.5165208e+000  2.1442695e+000  3.8039182e+000  3.0558965e+000  4.1240258e+000  3.1578349e+000
  2.0000000e+000  4.8921727e+000  3.9359481e+000  4.5739371e+000  1.5861489e+000  3.8440484e+000  1.6479118e+000  1.3366726e+000  2.5858297e+000  3.1235799e+000  4.8799263e+000
  2.0000000e+000  1.8338679e+000  4.8283987e+000  4.4847444e+000  2.2313814e+000  2.2027085e+000  2.2874936e+000  4.0755646e+000  2.3438747e+000  1.8647694e+000  1.8009632e+000
  1.0000000e+000  3.0373494e+000  2.8470950e+000  3.5265818e+000  3.1151328e+000  1.4151685e+000  2.7777631e+000  4.3703898e+000  1.5390765e+000  3.5805240e+000  2.2838033e+000
  2.0000000e+000  2.1771909e+000  3.9428571e+000  3.8275583e+000  1.0271511e+000  3.0039818e+000  2.7032666e+000  1.5264824e+000  2.5046427e+000  2.5954784e+000  1.3911999e+000
  2.0000000e+000  9.9802896e-001  4.2319574e+000  1.9285477e+000  3.5415461e+000  2.7452273e+000  1.4379891e+000  3.3638006e+000  2.5956255e+000  3.1558572e+000  3.5911152e+000
  2.0000000e+000  1.9393275e+000  3.0014841e+000  4.7028036e+000  3.1241020e+000  1.7541116e+000  3.4205009e+000  3.5793970e+000  4.9891610e+000  3.1747385e+000  2.0699155e+000
  2.0000000e+000  3.5067004e+000  2.8194018e+000  4.9061227e+000  2.3640612e+000  2.0461694e+000  3.0369331e+000  3.1291900e+000  3.7030065e+000  3.6996231e+000  3.0610589e+000
  2.0000000e+000  1.8080628e+000  1.6695179e+000  2.9522567e+000  4.0707336e+000  4.1448949e+000  3.6117379e+000  3.5308502e+000  2.0058995e+000  3.7557197e+000  3.9144334e+000
  2.0000000e+000  3.0922446e+000  2.0759098e+000  5.1154521e+000  4.1902397e+000  2.1666668e+000  2.1595619e+000  1.7512588e+000  3.9207738e+000  2.6779277e+000  4.1648794e+000
  1.0000000e+000  3.8110491e+000  3.5121858e+000  2.5424068e+000  3.2981181e+000  1.8997450e+000  3.4186837e+000  2.3428035e+000  3.0967771e+000  3.8008995e+000  3.2019317e+000
  2.0000000e+000  1.6056827e+000  2.2419025e+000  3.1905211e+000  1.3910182e+000  1.7601277e+000  2.7704229e+000  4.3089295e+000  3.4886452e+000  2.9863048e+000  2.4801847e+000
  2.0000000e+000  4.8831346e+000  1.7034497e+000  2.9502988e+000  4.4389463e+000  2.4776912e+000  2.2147470e+000  3.1824029e+000  3.6118088e+000  2.7152054e+000  3.2568178e+000
  2.0000000e+000  2.0315346e+000  2.2686908e+000  3.1295056e+000  2.5396324e+000  3.4712782e+000  4.6171907e+000  3.3100819e+000  2.0498537e+000  4.4401741e+000  4.4193693e+000
  2.0000000e+000  1.1603811e+000  1.8068043e+000 -5.6594678e-001  3.3409541e+000  4.4726118e+000  1.1695168e+000  3.4517394e+000  2.2632542e+000  3.4027860e+000  3.3744602e+000
  2.0000000e+000  2.8073094e+000  4.2549683e+000  2.0970036e+000  2.7568810e+000  3.2309035e+000  3.9551898e+000  2.2311432e+000  2.3173863e+000  9.1121756e-001  1.4651230e+000
  2.0000000e+000  1.8461018e+000  5.3393366e+000  2.6889356e+000  4.2384926e+000  3.6406510e-001  1.5489504e+000  2.9771862e+000  2.8440349e+000  2.9938083e+000  4.8519315e-001
  2.0000000e+000  4.1485681e+000  3.6908423e+000  2.5665753e+000  2.8120673e+000  3.2019078e+000  2.7529344e+000  3.0192726e+000  5.2349361e+000  3.3877242e+000  4.5978508e+000
  2.0000000e+000  3.5535515e+000  2.5430349e+000  1.8443134e+000  2.1939642e+000  3.7537063e+000  3.8560689e+000  3.4342619e+000  2.4129556e+000  3.0635649e+000  1.3187761e+000
  2.0000000e+000  2.0478632e+000  1.4304312e+000  1.4022173e+000  3.9466639e+000  3.9542653e+000  3.1066161e+000  3.6355107e+000  4.0259967e+000  2.3599622e+000  3.2226079e+000
  2.0000000e+000  2.2359972e+000  4.0080767e+000  3.2837022e+000  1.3966475e+000  1.1608034e+000  1.8654551e+000  2.8543770e+000  2.7780888e+000  1.3554604e+000  2.0029830e+000
  2.0000000e+000  3.0320383e+000  3.5678829e+000  4.4191622e+000  1.9008968e+000  2.6016170e+000  2.3903349e+000  4.7328530e+000  2.6257457e+000  2.6489105e+000  3.2812093e+000
  2.0000000e+000  2.6987385e+000  3.7991877e+000  3.0181952e+000  2.2036934e+000  3.7946129e+000  3.5489588e+000  2.9861279e+000  1.9672911e+000  2.7616193e+000  4.0635088e+000
  2.0000000e+000  2.3938830e+000  2.4577131e+000  4.2691487e+000  3.8505941e+000  3.0357062e+000  2.8359394e+000  2.0031600e+000  1.1725483e+000  3.2162233e+000  3.9729270e+000
  1.0000000e+000  2.6552175e+000  3.6893460e+000  3.0588829e+000  3.2862683e+000  1.0717426e+000  2.8484998e+000  2.4798534e+000  3.6654454e+000  3.7019098e+000  3.2925903e+000
  2.0000000e+000  2.7741950e+000  3.6981550e+000  3.3073202e+000  1.9589608e+000  1.7065419e+000  2.6646822e+000  3.8598482e+000  2.1507703e+000  3.8063412e+000  2.4801693e+000
  2.0000000e+000  3.5117388e+000  3.8669900e+000  7.1900729e-001  3.6698098e+000  2.3746888e+000  4.7308072e+000  3.2978125e+000  2.0060773e+000  2.9144264e+000  2.6926594e+000
