  2.0000000e+000  1.8907497e+000  2.2676189e+000  1.9430907e+000  3.2311814e+000  4.1335576e+000  4.2838415e+000  5.5938694e+000  2.1724183e+000  2.5421696e+000  3.2851460e+000
  2.0000000e+000  2.7687098e+000  3.5150240e+000  1.4404834e+000  4.9969576e+000  3.9144116e+000  4.1180789e+000  4.4157143e+000  1.9453940e+000  3.8198908e+000  3.2640878e+000
  2.0000000e+000  3.6918923e+000  3.3010035e+000  3.8136559e+000  1.7338356e+000  5.3316342e+000  1.7326359e+000  1.4770528e+000  3.4608696e+000  2.9714504e+000  2.6114775e+000
  1.0000000e+000  3.1576654e+000  4.1111755e+000  4.2072016e+000  2.8647937e+000  2.7968223e+000  2.3613682e+000  3.5727092e+000  3.5755589e+000  1.3840572e+000  2.4657724e+000
  2.0000000e+000  3.1512751e+000  2.0660696e+000  2.0538301e+000  3.2524534e+000  6.8196469e-001  3.5342456e+000  3.1730233e+000  1.9939300e+000  2.9858396e+000  4.0871540e+000
  2.0000000e+000  3.0822834e+000  2.3369831e+000  3.9523299e+000  3.8432554e+000  2.4033273e+000  1.8379273e+000  3.1450045e+000  2.8345295e+000  2.7780375e+000  2.3610599e+000
  2.0000000e+000  1.9709761e+000  2.1025078e+000  1.4729724e+000  2.4688771e+000  3.9671945e+000  3.9516430e+000  2.6748760e+000  2.0126406e+000  1.4910414e+000  3.3081419e+000
  2.0000000e+000  4.3916529e+000  1.7751831e+000  4.1340666e+000  4.2436920e+000  3.6748671e+000  3.1594581e+000  1.5724538e+000  3.3185272e+000  1.7572050e+000  2.9391191e+000
  2.0000000e+000  2.4773740e+000  3.3945129e+000  3.7739022e+000  1.9110856e+000  3.2903295e+000  1.3799479e+000  1.2437282e+000  3.1224589e+000  3.1718201e+000  3.1765634e+000
  2.0000000e+000  3.1620371e+000  2.6979145e+000  2.3979610e+000  4.0042157e+000  4.2785600e+000  2.5411398e+000  3.1587472e+000  1.6847150e+000  3.5934544e+000  3.5257184e+000
  2.0000000e+000  3.0745891e+000  1.6186255e+000  2.8393733e+000  3.5921101e+000  2.3495545e+000  4.7839225e+000  4.4129898e+000  4.7555482e+000  4.1940657e+000  4.0890292e+000
  2.0000000e+000  1.9007313e+000  4.9693688e+000  5.2824421e+000  5.7345371e+000  2.2587756e+000  2.3499547e+000  4.6806980e+000  1.3417890e+000  2.2003476e+000  1.4941142e+000
  2.0000000e+000  4.5096140e+000  4.1830956e+000  7.4606292e-001  4.9645232e+000  4.3560710e+000  3.0876923e+000  4.2144606e+000  2.8654780e+000  2.9073745e+000  4.2275975e+000
  1.0000000e+000  3.4003201e+000  1.9542912e+000  1.6756616e+000  2.2269902e+000  1.8610288e+000  1.5145439e+000  4.5899768e+000  3.1036867e+000  2.5106511e+000  2.6425149e+000
  2.0000000e+000  2.6514917e+000  4.3368473e+000  2.1621857e+000  2.1549099e+000  2.3523081e+000  2.9682287e+000  3.6269629e+000  2.8011554e+000  2.4524068e+000  3.3102474e+000
  2.0000000e+000  4.1584167e+000  2.1654650e+000  3.7705563e+000  1.9901472e+000  2.3974587e+000  3.3636872e+000  2.7301822e+000  2.1723388e+000  2.4493932e+000  2.6420959e+000
  2.0000000e+000  2.6470651e+000  3.7979141e+000  2.5494821e+000  4.4562164e+000  2.8602040e+000  3.4121857e+000  3.4805118e+000  1.7219277e+000  1.6245139e+000  3.5175384e+000
  2.0000000e+000  4.6264937e+000  4.0316719e+000  2.7096987e+000  3.7830031e+000  2.6643125e+000  4.8924680e+000  2.8884779e+000  3.8413814e+000  3.9501877e+000  3.2510973e+000
  1.0000000e+000  2.0140588e+000  3.0252522e+000  1.7913717e+000  3.8428736e+000  2.9018796e+000  2.5195997e+000  1.9000069e+000  3.1775723e+000  4.3306073e+000  2.6278992e+000
  2.0000000e+000  2.2364393e+000  2.0028778e+000  1.6476357e+000  3.4343287e+000  2.3305776e+000  3.9361816e+000  3.1806281e+000  1.9172879e+000  1.9847749e+000  2.7350466e+000
  2.0000000e+000  3.6231863e+000  2.0536121e+000  3.8944096e+000  2.8739354e+000  1.3414767e+000  2.2945079e+000  2.9939288e+000  1.8390452e+000  3.1926847e+000  2.6055335e+000
  2.0000000e+000  5.3349343e+000  3.3756244e+000  5.4721562e+000  1.8918481e+000  3.7084208e+000  2.5554554e+000  2.4395544e+000  5.3270251e+000  3.1444267e+000  3.0835932e+000
  2.0000000e+000  2.4339969e+000  3.2142384e+000  3.9823753e+000  2.9494188e+000  3.5084148e+000  2.7386823e+000  5.1902494e+000  2.7943869e+000  2.6338978e+000  4.5121322e+000
  2.0000000e+000  1.9300478e+000  2.6307541e+000  3.0308534e+000  3.2484338e+000  4.3015549e+000  3.2076304e+000  3.4596055e+000  2.8014245e+000  3.5143980e+000  2.4212778e+000
  1.0000000e+000  2.9259173e+000  3.7879319e+000  3.2952240e+000  3.2580873e+000  1.4679007e+000  2.9629591e+000  2.7168299e+000  3.4004610e+000  3.1011802e+000  2.5701991e+000
  2.0000000e+000  4.7348251e+000  3.0950341e+000  1.9318922e+000  4.5435247e+000  2.8874071e+000  2.1775015e+000  2.8724026e+000  2.8836708e+000  2.3590589e+000  3.1822977e+000
  1.0000000e+000  3.5923504e+000  2.5041919e+000  3.4102332e+000  3.1048937e+000  3.9375335e+000  2.0745659e+000  3.7899092e+000  3.9681459e+000  2.7883124e+000  9.1019538e-001
  1.0000000e+000  2.4941591e+000  3.3855564e+000  3.3134477e+000  2.9858760e+000  3.6839207e+000  1.9409663e+000  3.9755529e+000  3.6694958e+000  2.4263633e+000  4.8221984e+000
  1.0000000e+000  4.7354409e-001  2.6807351e+000  2.4119420e+000  3.1456615e+000  2.7272388e+000  3.9068162e+000  3.7609015e+000  3.2216167e+000  3.8367372e+000  2.4439269e+000
  2.0000000e+000  2.5219924e+000  5.0565148e+000  2.1244745e+000  3.7060262e+000  3.0328410e+000  2.7624025e+000  2.5598520e+000  2.6484446e+000  3.5590547e+000  3.4988558e+000
  2.0000000e+000  1.3942210e+000  1.8244332e+000  4.7871786e+000  2.6760030e+000 -5.6846269e-004  3.1940496e+000  4.3208040e+000  2.7812393e+000  4.3330252e+000  3.4948424e+000
  1.0000000e+000  3.6471672e+000  2.2775332e+000  2.2072188e+000  3.8039217e+000  3.3716375e+000  1.1655565e+000  2.9769424e+000  3.0908679e+000  1.4070658e+000  2.2604356e+000
  1.0000000e+000  1.3831111e+000  3.1455812e+000  3.0976801e+000  3.8551480e+000  3.2128212e+000  1.7350540e+000  4.5225690e+000  3.0415911e+000  3.7598908e+000  3.0687198e+000
  2.0000000e+000  1.7158918e+000  4.6798772e+000  4.2035684e+000  3.1291457e+000  3.9436003e+000  4.9653647e+000  3.5668940e+000  4.6549333e+000  5.3651986e+000  4.6696773e+000
  1.0000000e+000  2.4642786e+000  3.4941767e+000  4.1494937e+000  3.6582700e+000  1.7522141e+000  2.3762751e+000  9.7707865e-001  3.4718254e+000  4.3363953e+000  3.2262878e+000
  2.0000000e+000  2.0812143e+000  2.4020629e+000  2.6351137e+000  5.3753593e+000  3.8737135e+000  4.4368780e+000  2.8478555e+000  3.3935873e+000  5.4324687e+000  1.1782421e+000
  2.0000000e+000  3.9212425e+000  3.9978080e+000  3.2639170e+000  2.3078798e+000  2.9418542e+000  5.1340039e+000  2.7327645e+000  4.0932016e+000  3.0377414e+000  1.5855418e+000
  2.0000000e+000  3.7681969e+000  2.7975486e+000  2.9620656e+000  2.5363011e+000  2.7318377e+000  4.7353865e+000  3.1782928e+000  1.9552208e+000  3.1066919e+000  2.8100903e+000
  2.0000000e+000  2.0406110e+000  1.7125656e+000  3.1723521e+000  4.4648695e+000  3.8867770e+000  3.7161269e+000  1.8890621e+000  4.9442029e+000  2.1444564e+000  3.0903456e+000
  1.0000000e+000  1.7224089e+000  4.3951783e+000  1.5689076e+000  2.8556538e+000  5.4300917e+000  1.3716797e+000  2.7014443e+000  3.6030619e+000  2.2955637e+000  3.8328388e+000
  2.0000000e+000  3.1451555e+000  4.1254565e+000  2.0118737e+000  1.9428413e+000  3.8067486e+000  2.4746607e+000  3.3841257e+000  4.0471816e+000  2.9375296e+000  2.9064024e+000
  2.0000000e+000  3.1478108e+000  2.9836082e+000  2.7251691e+000  2.5304760e+000  2.7848859e+000  3.2419260e+000  3.6762997e+000  2.8289088e+000  2.9630364e+000  4.4514076e+000
  2.0000000e+000  4.6016175e+000  2.3006321e+000  2.6046318e+000  1.5812005e+000  3.7852888e+000  2.9691239e+000  3.0658908e+000  2.9223937e+000  1.1303641e+000  1.2417624e+000
  2.0000000e+000  3.2373012e+000  1.1282540e+000  1.2486418e+000  3.9661500e+000  4.0987393e+000  4.6798244e+000  2.0181458e+000  2.9647013e+000  1.4860381e+000  2.4191999e+000
  2.0000000e+000  3.3183282e+000  3.4416234e+000  3.4133933e+000  3.0847135e+000  2.1979788e+000  3.2987585e+000  2.0118177e+000  4.1643293e+000  2.8920916e+000  2.2161671e+000
  1.0000000e+000  4.3260731e+000  1.8046810e+000  3.7375083e+000  2.9642428e+000  2.5570120e+000  2.4561021e+000  1.9464870e+000  3.2048579e+000  2.7488657e+000  1.9460339e+000
  2.0000000e+000  3.7958437e+000  4.0038477e+000  3.3576477e+000  1.4719374e+000  2.3956574e+000  3.6893765e+000  3.0746042e+000  1.8910979e+000  1.9007763e+000  1.5510655e+000
  2.0000000e+000  1.6147803e+000  4.1030529e+000  1.8694042e+000  4.1929877e+000  4.0013908e+000  3.1030612e+000  3.2087600e+000  3.7989268e+000  3.1889677e+000  3.0169229e+000
  2.0000000e+000  2.5728391e+000  1.6898862e+000  2.9896920e+000  2.6002796e+000  2.5885788e+000  4.6564272e+000  1.6934721e+000  2.8733581e+000  3.8604279e+000  2.4261426e+000
  1.0000000e+000  2.8226917e+000  3.1611979e+000  2.8226537e+000  2.7412846e+000  1.9694300e+000  2.5338136e+000  2.5616923e+000  3.0734960e+000  2.6833379e+000  5.3446370e+000
  1.0000000e+000  4.2071279e+000  3.9555830e+000  1.5444578e+000  3.1770645e+000  3.7306983e+000  3.3422760e+000  1.7978476e+000  3.4427425e+000  2.3665311e+000  3.8080741e+000
  2.0000000e+000  3.0063907e+000  1.9597149e+000  2.8958464e+000  3.0236025e+000  2.9769449e+000  5.3618518e+000  3.3282117e+000  2.9608417e+000  2.5494729e+000  2.5833341e+000
  2.0000000e+000  3.3706669e+000  4.2333850e+000  2.6934605e+000  2.2706579e+000  3.6266014e+000  3.2274562e+000  2.1663792e+000  2.9835816e+000  2.5058278e+000  1.8281291e+000
  2.0000000e+000  2.0234162e+000  2.3667777e+000  4.6610844e+000  3.1099970e+000  2.2894117e+000  3.6197979e+000  3.2862313e+000  1.3559264e+000  2.9323069e-001  3.3784822e+000
  2.0000000e+000  5.1053888e+000  3.3374400e+000  3.6990137e+000  2.8493780e+000  3.8699152e+000  2.8598292e+000  2.1864843e+000  5.0221050e+000  2.3830199e+000  1.1494579e+000
  2.0000000e+000  1.9091905e+000  4.5230965e+000  2.0619930e+000  2.1325546e+000  2.2112020e+000  3.2255705e+000  2.9634442e+000  2.2128561e+000  4.2644920e+000  4.4521375e+000
  2.0000000e+000  1.7315181e+000  3.8260220e+000  3.2055477e+000  2.5871518e+000  2.5942427e+000  1.8967026e+000  4.2431749e+000  2.9207004e+000  3.3840328e+000  2.2023776e+000
  2.0000000e+000  2.2386455e+000  2.9248082e+000  2.9754483e+000  2.1759240e+000  2.8997731e+000  3.4612538e+000  3.3940960e+000  2.6338386e+000  2.5263492e+000  3.6587846e+000
  1.0000000e+000  3.2251797e+000  1.6645368e+000  2.9570787e+000  2.7588136e+000  2.9949372e+000  2.1660444e+000  2.3406776e+000  3.3601282e+000  3.9999447e+000  2.7161301e+000
  2.0000000e+000  3.0609296e+000  3.4335601e+000  4.4944937e+000  3.8909150e+000  4.2198317e+000  2.4495768e+000  1.9084306e+000  3.7520106e+000  3.0511262e+000  3.3818939e+000
  2.0000000e+000  2.8783243e+000  4.5246027e+000  4.6962496e+000  4.4965565e+000  3.4692494e+000  2.4940441e+000  2.0500810e+000  3.1320206e+000  2.7785800e+000  2.8415337e+000
  2.0000000e+000  1.0682301e+000  3.7327028e+000  2.9531998e+000  3.5651581e+000  2.6924709e+000  2.9734326e+000  2.1316713e+000  2.6001080e+000  2.6411180e+000  4.2678095e+000
  2.0000000e+000  2.6382337e+000  3.1908560e+000  3.9076793e+000  4.6592688e+000  3.6067461e+000  2.9466825e+000  3.6337312e+000  2.6142398e+000  3.2341699e+000  3.6653684e+000
  2.0000000e+000  3.0030525e+000  3.9704098e+000  2.4904586e+000  4.0679503e+000  4.9128342e+000  4.1832071e+000  5.3919804e-001  2.3757854e+000  2.6471590e+000  2.9211380e+000
  2.0000000e+000  4.2849739e+000  2.6841266e+000  3.0604665e+000  3.9378111e+000  3.0543600e+000  1.8117497e+000  3.3043691e+000  2.0408329e+000  4.1543762e+000  2.2286135e+000
  2.0000000e+000  2.6495241e+000  3.4345265e+000  2.4545328e+000  4.5179230e+000  4.6593292e+000  3.7143092e+000  3.4583097e+000  3.3247617e+000  3.4322998e+000  1.8055833e+000
  2.0000000e+000  2.4610825e+000  2.4808043e+000  3.4411542e+000  2.8177976e+000  3.4856560e+000  2.3503236e+000  2.1450966e+000  2.6886434e+000  2.8291399e+000  3.1510876e+000
  2.0000000e+000  3.0408321e+000  4.5956757e+000  2.5472728e+000  2.1342940e+000  4.2205717e+000  4.4170991e+000  3.4571134e+000  2.9998186e+000  1.5910127e+000  4.6737870e+000
  2.0000000e+000  3.3701511e+000  3.1659695e+000  1.1679182e+000  1.9825728e+000  3.3656573e+000  2.0380639e+000  3.7472764e+000  3.6126062e+000  3.0984244e+000  1.8646978e+000
  2.0000000e+000  3.3750789e+000  2.7994234e+000  4.4218164e+000  2.3366815e+000  4.7611470e+000  1.1161691e+000  2.2647099e+000  1.8102193e+000  3.3110544e+000  2.0686747e+000
  2.0000000e+000  4.0552089e+000  1.1979036e+000  3.0420873e+000  3.4145051e+000  3.6885034e+000  4.2030499e+000  2.2575519e+000  2.6842405e+000  2.6516124e+000  2.9589146e+000
  2.0000000e+000  2.4462669e+000  5.2331168e+000  7.4785753e-001  3.3441849e+000  4.3629692e+000  2.9303692e+000  2.7737029e+000  2.3648452e+000  4.0807546e-001  4.8518087e+000
  2.0000000e+000  2.8213798e+000  2.9900656e+000  1.6390436e+000  2.5689741e+000  1.6922942e+000  2.9179314e+000  4.2363176e+000  2.2267929e+000  2.1070683e+000  2.2472849e+000
  2.0000000e+000  2.5057877e+000  1.5148980e+000  2.8563038e+000  4.6600493e+000  1.9077764e+000  4.4589004e+000  3.9777230e+000  1.4918379e+000  2.8281323e+000  4.7919536e+000
  1.0000000e+000  1.3809656e+000  4.1017533e+000  2.7679555e+000  3.2924634e+000  6.2873166e-001  2.6286618e+000  2.0657217e+000  3.0308432e+000  2.9914701e+000  4.9453100e+000
  2.0000000e+000  3.5668085e+000  2.5326137e+000  4.4045523e+000  2.1845732e+000  3.5446314e+000  2.3346519e+000  2.8943890e+000  2.1213963e+000  4.1348229e+000  4.4106072e+000
  2.0000000e+000  2.1242840e+000  3.6641127e+000  2.9828108e+000  2.6786150e+000  3.7329276e+000  2.5987278e+000  5.0388982e+000  4.4443398e+000  2.6874540e+000  3.7510477e+000
  2.0000000e+000  1.6411715e+000  3.8215507e+000  2.9096283e+000  2.9218250e+000  3.1462100e+000  4.5192622e+000  4.0364181e+000  2.3357962e+000  2.9327410e+000  3.6417067e+000
  2.0000000e+000  3.1583832e+000  3.4744672e+000  1.2827343e+000  1.5508011e+000  2.2085892e+000  1.9886266e+000  1.8188912e+000  1.3148756e+000  3.6159120e+000  4.0694373e+000
  2.0000000e+000  1.3367724e+000  3.0992493e+000  3.9591377e+000  1.7188715e+000  4.7218839e+000  2.7604393e+000  4.5302703e+000  2.8103195e+000  3.8156961e+000  9.3888945e-001
  2.0000000e+000  3.2358125e+000  1.5946709e+000  2.2208379e+000  2.4596989e+000  1.4201197e-001  2.9728677e+000  3.8396520e+000  1.5862981e+000  3.0890233e+000  1.7703612e+000
  2.0000000e+000  3.6388372e+000  2.9199248e+000  2.7737352e+000  2.9953555e+000  3.4052796e+000  2.1335508e+000  1.3294380e+000  2.0930273e+000  2.7883748e+000  2.1043842e+000
  2.0000000e+000  2.6084689e+000  2.0881277e+000  4.0377199e+000  2.0781912e+000  5.2903830e+000  1.9544810e+000  3.2396220e+000  1.9470913e+000  9.8192163e-001  3.1568769e+000
  2.0000000e+000  3.4784121e+000  4.1480513e+000  2.7138391e+000  3.0037999e+000  1.1702891e+000  2.2804381e+000  3.3633817e+000  8.1308456e-001  3.6597083e+000  3.6085113e+000
  2.0000000e+000  2.6905608e+000  1.8960947e+000  2.2675972e+000  4.4190386e+000  2.6071543e+000  2.4149521e+000  2.5713330e+000  2.5238920e+000  3.7362862e+000  3.7437607e+000
  2.0000000e+000  2.8251976e+000  5.0371929e+000  4.6982680e+000  2.1058494e+000  1.8099932e+000  2.4385454e+000  1.2920182e+000  1.7277999e+000  3.1484205e+000  4.2311286e+000
  1.0000000e+000  3.4481527e+000  2.5581938e+000  3.1628677e+000  2.3112322e+000  2.5536816e+000  3.5846412e+000  3.4733232e+000  3.3635832e+000  2.6919864e+000  2.0778142e+000
  1.0000000e+000  3.2434912e+000  4.4362942e+000  2.5546641e+000  3.0229329e+000  2.4004558e+000  3.9334406e+000  2.4350538e+000  3.1831159e+000  4.7392425e+000  3.4107178e+000
  2.0000000e+000  4.5765489e+000  2.3008072e+000  3.0987904e+000  2.0299024e+000  3.0121242e+000  7.3075147e-001  3.8865211e+000  4.8881429e+000  2.8012078e+000  4.2606111e+000
  2.0000000e+000  2.6262570e+000  1.7778972e+000  2.6278826e+000  1.7972206e+000  5.8582872e-001  4.2465338e+000  1.6320064e+000  3.1828927e+000  4.1947634e+000  2.3950229e+000
  1.0000000e+000  2.1686573e+000  1.4767108e+000  2.3513166e+000  3.4651617e+000  3.3943968e+000  3.0176710e+000  2.9117902e+000  3.0778478e+000  9.0302648e-001  2.1335350e+000
  2.0000000e+000  4.0620994e+000  2.7680876e+000  3.4891365e+000  3.2530777e+000  2.1452978e+000  2.9015855e+000  1.9931661e+000  1.9146242e+000  3.2340341e+000  3.3072401e+000
  2.0000000e+000  4.8057371e+000  3.7633858e+000  2.5251287e+000  2.4875442e+000  2.9709142e+000  2.8720776e+000  3.3070138e+000  2.0436983e+000  2.2820797e+000  3.3900449e+000
  2.0000000e+000  8.3749068e-001  2.2277142e+000  1.1744071e+000  2.7736956e+000  2.6385184e+000  4.6114695e+000  3.8057220e+000  1.9831521e+000  3.4267899e+000  3.1390782e+000
  2.0000000e+000  3.2690009e+000  2.6409101e+000  3.5023604e+000  1.6942764e+000  3.9266155e+000  3.1331512e+000  3.3397687e+000  3.0392465e+000  3.2504565e+000  3.2719874e+000
  2.0000000e+000  2.0622772e+000  2.1208524e+000  2.5708017e+000  4.0489402e+000  2.6377971e+000  3.6387613e+000  4.9139781e+000  5.1574644e+000  3.1060917e+000  3.3317820e+000
  2.0000000e+000  2.8863246e+000  3.4748749e+000  3.3845369e+000  2.8085381e+000  2.7466549e+000  3.7504186e+000  2.0830062e+000  1.3376703e+000  4.1228595e+000  3.2397020e+000
  2.0000000e+000  2.0756147e+000  4.4233978e+000  3.3151083e+000  3.2581751e+000  3.9067789e+000  5.2507767e+000  2.6032546e+000  2.0323656e+000  1.8881120e+000  2.2015587e+000
  2.0000000e+000  2.1040166e+000  3.5412299e+000  3.1623648e+000  1.1787971e+000  2.1661674e+000  4.0625555e+000  2.8323320e+000  1.9999558e+000  1.5037567e+000  3.5808825e+000
  2.0000000e+000  3.8374541e+000  3.2334464e+000  1.8349838e+000  3.5751303e+000  2.5885894e+000  4.2243742e+000  3.0350436e+000  2.3462120e+000  2.5199888e+000  3.2132408e+000
