  2.0000000e+000  2.6144809e+000  1.3913960e+000  3.9038964e+000  3.8343127e+000  3.8308806e+000  2.6224485e+000  4.6648099e+000  4.0225708e+000  2.6955183e+000  3.4613714e+000
  2.0000000e+000  5.2369613e+000  2.7096237e+000  3.2465677e+000  2.8571428e+000  3.2407797e+000  3.9748927e+000  3.2330564e+000  2.9613216e+000  3.3820379e+000  4.4610430e+000
  2.0000000e+000  3.6089841e+000  4.7797780e+000  1.0432436e+000  3.2572051e+000  2.6188482e+000  2.6542159e+000  1.4531905e+000  3.7429925e+000  2.9094170e+000  2.1500776e+000
  2.0000000e+000  2.3211945e+000  2.7781994e+000  4.4875896e+000  2.7652493e+000  3.7889583e+000  3.3704072e+000  5.1590759e+000  2.5351461e+000  3.2764324e+000  3.3034278e+000
  2.0000000e+000  2.3051987e+000  4.5363043e+000  2.9575905e+000  3.5679802e+000  2.9069947e+000  2.7433563e+000  2.1832828e+000  3.7446524e+000  3.7855967e+000  1.7618635e+000
  2.0000000e+000  2.4467639e+000  1.5272371e+000  2.8346148e+000  3.6405750e+000  3.2885612e+000  4.6253000e+000  3.4428950e+000  2.0187299e+000  4.1523905e+000  3.4755307e+000
  1.0000000e+000  1.9788423e+000  2.2502005e+000  2.2084297e+000  3.1251916e+000  3.0753657e+000  3.6598288e+000  3.0876356e+000  2.4718033e+000  9.9635405e-001  4.5432531e+000
  2.0000000e+000  3.1327364e+000  3.0647423e+000  2.8571922e+000  3.5792309e+000  3.2754928e+000  4.3004520e+000  4.7348664e+000  3.0983805e+000  4.2550044e+000  2.9959099e+000
  2.0000000e+000  4.4996926e+000  7.7396509e-001  3.5581512e+000  2.0552512e+000  2.2260774e+000  3.8899494e+000  4.8409793e+000  4.3039932e+000  3.2000882e+000  4.4689661e+000
  2.0000000e+000  2.5972555e+000  3.2905968e+000  2.0417077e+000  5.2646896e+000  3.8760613e+000  4.5487166e+000  5.0038092e+000  2.6782767e+000  2.9027154e+000  3.8699643e+000
  2.0000000e+000  3.6942166e+000  3.5140614e+000  3.6857224e+000  2.7791317e+000  2.9830312e+000  1.6909410e+000  1.8373106e+000  2.7951575e+000  3.5432368e+000  3.1360892e+000
  1.0000000e+000  4.5629677e+000  2.3367403e+000  4.3496097e+000  3.9072513e+000  4.1550137e+000  3.7589298e+000  3.3030794e+000  4.1948912e+000  3.5163746e+000  2.1939871e+000
  2.0000000e+000  2.3479861e+000  3.4741429e+000 -6.6347986e-002  2.6982636e+000  3.1298569e+000  3.1931608e+000  1.6556908e+000  2.3858297e+000  4.5806713e+000  3.3055497e+000
  2.0000000e+000  3.6546835e+000  3.1905375e+000  1.0010387e+000  2.1002490e+000  3.8972542e+000  3.0957877e+000  4.9490019e+000  4.2881452e+000  1.4614256e+000  3.9277199e+000
  2.0000000e+000  2.4939649e+000  1.4989934e+000  2.6271639e+000  4.3333614e+000  2.8998133e+000  1.5597708e+000  2.9056862e+000  4.3455107e+000  3.5162706e+000  3.9072739e+000
  2.0000000e+000  3.4523580e+000  2.0226121e+000  2.5564031e+000  4.2514409e+000  3.5971373e+000  6.3677397e+000  1.1237481e+000  4.3866947e+000  3.4459448e+000  4.7429011e+000
  2.0000000e+000  3.7299040e+000  3.9303188e+000  3.4022709e+000  1.9892318e+000  3.4719900e+000  1.6444385e+000  3.2307110e+000  3.5164267e+000  4.0001447e+000  2.6020012e+000
  2.0000000e+000  1.4856776e+000  2.9059477e+000  2.3928382e+000  2.8135641e+000  3.7757986e+000  5.0672335e+000  3.4973013e+000  2.7412974e+000  4.2704138e+000  3.3981070e+000
  2.0000000e+000  3.9527668e+000  3.6088737e+000  3.6882413e+000  2.1259663e+000  2.5652551e+000  4.0022279e+000  3.2432294e+000  4.4157460e+000  2.5182230e+000  4.2545646e+000
  1.0000000e+000  1.7862637e+000  9.7120961e-001  2.9536647e+000  2.5867842e+000  2.4891398e+000  3.0511455e+000  3.4076594e+000  4.4907952e+000  4.4605303e+000  2.1744052e+000
  2.0000000e+000  2.2192825e+000  4.0278078e+000  2.7190039e+000  4.4635066e+000  3.8255127e+000  2.9153072e+000  1.6203520e+000  3.4003304e+000  1.8469901e+000  1.1451973e+000
  2.0000000e+000  3.3539528e+000  2.0156457e+000  9.4364131e-001  1.5947525e+000  4.1582884e+000  1.7175669e+000  3.1273540e+000  3.0339452e+000  2.3988160e+000  4.8460424e+000
  2.0000000e+000  2.8067313e+000  3.8312974e+000  2.6281534e+000  1.4356718e+000  3.5898273e+000  2.0228270e+000  1.6919086e+000  2.2582344e+000  4.1727894e+000  2.6856645e+000
  2.0000000e+000  4.5998063e+000  2.1146710e+000  3.5566737e+000  2.4695700e+000  5.5529065e+000  3.5584192e+000  4.8323588e+000  5.1453583e+000  1.4859288e+000  2.7512955e+000
  2.0000000e+000  2.4852461e+000  3.6181732e+000  3.3790542e+000  1.7042825e+000  4.2527907e+000  6.8397970e-001  4.9692820e-001  3.1160915e+000  3.3065864e+000  1.1638497e+000
  2.0000000e+000  2.7336431e+000  2.0466087e+000  3.8634191e+000  3.9677717e+000  4.0459518e+000  5.9215813e+000  3.9238324e+000  1.4202667e+000  3.5841391e+000  4.5517462e+000
  2.0000000e+000  3.1963523e+000  4.7955547e+000  3.3274568e+000  3.9031514e+000  5.6697310e+000  1.3836449e+000  2.3154696e+000  3.6167703e+000  3.8926538e+000  3.3809478e+000
  2.0000000e+000  1.6171779e+000  2.9638429e+000  2.4141641e+000  4.2201389e+000  3.2450818e+000  3.7636983e+000  1.1452482e+000  3.3821126e+000  1.6349074e+000  3.5687451e+000
  2.0000000e+000  1.6492080e+000  1.0974089e+000  2.4761081e+000  3.3547862e+000  4.1164714e+000  2.7429454e+000  1.9408471e+000  5.0091529e+000  3.5947226e+000  2.9181596e+000
  1.0000000e+000  2.1992436e+000  2.7933872e+000  3.6762707e+000  3.8229677e+000  3.9265723e+000  3.1760439e+000  3.3795177e+000  4.1580491e+000  4.9137720e+000  3.3008318e+000
  2.0000000e+000  2.8890048e+000  3.2572151e+000  4.4979211e+000  4.6168514e+000  1.6156210e+000  4.0609949e+000  3.1298757e+000  3.3809446e+000  3.1278488e+000  2.8156719e+000
  2.0000000e+000  2.6918402e+000  3.2128798e+000  5.6224696e-001  2.3031331e+000 -5.4788051e-001  2.4387951e+000  3.1246093e+000  3.4599656e+000  2.5223500e+000  2.5942377e+000
  2.0000000e+000  1.4621951e+000  4.5752893e+000  1.4429445e+000  3.6903846e+000  1.7034760e+000  2.8093841e+000  4.3521311e+000  4.3056788e+000  2.1758210e+000  2.7090079e+000
  2.0000000e+000  3.1083975e+000  3.1559031e+000  2.2732462e+000  2.7008640e+000  3.3519697e+000  2.8470809e+000  2.5419141e+000  1.5743224e+000  2.2954565e+000  1.6119707e+000
  2.0000000e+000  3.1794857e+000  2.8956078e+000  2.4540023e+000  2.9976934e+000  3.6722619e+000  3.4626928e+000  4.1061189e+000  2.9009846e+000  2.7334453e+000  2.5802460e+000
  2.0000000e+000  4.1850794e+000  3.1579299e+000  3.1034708e+000  4.9902528e+000  3.0619520e+000  2.5012104e+000  1.6154121e+000  4.4965586e+000  2.7845450e+000  2.0232817e+000
  2.0000000e+000  4.9231951e+000  2.9019156e+000  3.5738053e+000  3.0059383e+000  2.9622997e+000  3.6680988e+000  2.8932459e+000  3.8660171e+000  3.9985186e+000  1.3829250e+000
  2.0000000e+000  1.3077453e+000  1.2913200e+000  3.1301997e+000  2.9327631e+000  3.6614198e+000  4.2804838e+000  3.9252251e+000  1.9701684e+000  1.6241247e+000  3.1055343e+000
  2.0000000e+000  2.1470268e+000  3.6644855e+000  2.0592610e+000  3.3105715e+000  2.0296978e+000  2.7662901e+000  2.6071625e+000  3.5403608e+000  3.4616991e+000  3.1214736e+000
  2.0000000e+000  3.0538984e+000  3.1215059e+000  2.9448064e+000  2.0864689e+000  2.1109215e+000  2.7490992e+000  1.8869148e+000  1.7342236e+000  2.8523201e+000  3.6024192e+000
  2.0000000e+000  2.6152210e+000  2.4457484e+000  1.0168277e+000  3.6170721e+000  1.9603384e+000  3.8922036e+000  1.9382304e+000  2.4929150e+000  4.5183402e+000  2.4999266e+000
  2.0000000e+000  3.1297967e+000  3.6797358e+000  1.6204099e+000  7.4101343e-001  3.2771327e+000  2.0952893e+000  2.9870568e+000  3.5714391e+000  3.0257731e+000  4.2687526e+000
  2.0000000e+000  2.6156186e+000  4.2953825e+000  3.3565739e+000  1.6503337e+000  2.0408646e+000  2.6525546e+000  4.0989591e+000  3.2584328e+000  4.2397237e+000  2.5131499e+000
  1.0000000e+000  2.5307222e+000  2.4341390e+000  4.5209546e+000  2.9659149e+000  5.3782206e+000  3.4715851e+000  3.3626104e+000  3.0987712e+000  1.4594448e+000  3.1511730e+000
  2.0000000e+000  5.3871450e+000  4.2555159e+000  2.6850543e+000  3.2376163e+000  3.9529030e+000  1.7228044e+000  2.7744351e+000  3.7117285e+000  2.1240513e+000  3.2362207e+000
  2.0000000e+000  4.7775571e+000  1.9571023e+000  3.9974547e+000  3.2142759e+000  3.7469449e+000  3.2669709e+000  2.9596205e+000  3.0670368e+000  2.8713004e+000  4.0380953e+000
  2.0000000e+000  3.7285204e+000  1.4245917e+000  2.7873612e+000  2.2381499e+000  2.0573912e+000  2.9627243e+000  4.1835764e+000  3.3192854e+000  3.0668446e+000  3.0104674e+000
  2.0000000e+000  4.8642143e+000  4.7864329e+000  3.0264321e+000  3.4335927e+000  3.4353245e+000  1.9580652e+000  2.8209964e+000  1.3793621e+000  3.2438003e+000  4.1716427e+000
  1.0000000e+000  2.5194433e+000  3.0008933e+000  2.7757994e+000  3.4993748e+000  2.1575590e+000  3.3373870e+000  3.0699669e+000  3.4417721e+000  2.3395613e+000  3.6697769e+000
  2.0000000e+000  2.4645558e+000  2.8779543e+000  2.7194070e+000  2.3561633e+000  3.9303751e+000  2.7083794e+000  1.5874613e+000  2.7423869e+000  3.5052904e+000  2.4484750e+000
  2.0000000e+000  3.5462099e+000  3.7069494e+000  1.2860926e+000  3.6089920e+000  2.1729826e+000  3.4276681e+000  2.6051783e+000  2.8736626e+000  2.1945125e+000  4.6091528e+000
  2.0000000e+000  3.3134492e+000  3.9526200e+000  2.4925476e+000  4.1417014e+000  3.3270179e+000  4.1551446e+000  4.1238612e+000  4.5245616e+000  2.6698734e+000  2.6538493e+000
  2.0000000e+000  7.9449246e-001  3.7613471e+000  4.1394723e+000  1.7853427e+000  2.0158929e+000  5.4811135e+000  3.6386928e+000  3.2028001e+000  2.0879180e+000  3.6600489e+000
  2.0000000e+000  4.1864879e+000  3.3879124e+000  3.4539756e+000  2.7739507e+000  1.8426417e+000  3.1037762e+000  1.0611414e+000  3.5947924e+000  3.0333396e+000  3.0592827e+000
  2.0000000e+000  2.8444644e+000  1.9963091e+000  4.4359948e+000  1.5077190e+000  1.2094632e+000  1.9298868e+000  2.3583369e+000  2.9924470e+000  7.3323337e-001  3.8292808e+000
  2.0000000e+000  4.0887198e+000  3.6096088e+000  3.6130348e+000  3.2509261e+000  4.6461360e+000  2.4593415e+000  2.3271192e+000  3.4586544e+000  3.1522603e+000  3.1108544e+000
  2.0000000e+000  3.5636994e+000  3.7784276e+000  3.2295176e+000  1.6698700e+000  2.8717025e+000  2.7136019e+000  2.4231802e+000  3.5241936e+000  1.4070868e+000  4.1123499e+000
  2.0000000e+000  3.0724404e+000  2.9198540e+000  8.5268383e-002  8.8713665e-001  2.4326904e+000  2.2467988e+000  4.0196616e+000  3.8439873e+000  3.2472708e+000  3.2647619e+000
  2.0000000e+000  3.1720851e+000  1.5237625e+000  2.6194509e+000  3.2582300e+000  3.8382955e+000  3.3037569e+000  2.7907297e+000  3.1257738e+000  3.7028245e+000  2.0393556e+000
  2.0000000e+000  2.6435224e+000  3.4109359e+000  3.7795636e+000  2.3795907e+000  2.1558182e+000  3.3518593e+000  4.2528270e+000  1.7785129e+000  1.8577661e+000  2.1104229e+000
  2.0000000e+000  1.9473301e+000  1.6579009e+000  2.7127301e+000  2.3010918e+000  2.8572817e+000  4.1099938e+000  2.8989924e+000  2.2729415e+000  3.9620009e+000  6.1294115e-001
  1.0000000e+000  2.7134964e+000  2.6389307e+000  3.8380726e+000  2.2257087e+000  2.9666036e+000  3.8278963e+000  3.3080719e+000  4.9781101e+000  2.0336345e+000  2.2046417e+000
  2.0000000e+000  3.1718590e+000  3.6664482e+000  3.0165678e+000  3.5713752e+000  3.5738620e+000  4.4707030e+000  2.7488375e+000  2.4624091e+000  2.7142510e+000  2.8042311e+000
  1.0000000e+000  3.2028913e+000  2.0814824e+000  4.4423698e+000  3.7232009e+000  2.2636188e+000  3.3182062e+000  3.0986001e+000  1.6338378e+000  2.7176696e+000  1.6633966e+000
  2.0000000e+000  1.3601707e+000  4.1190003e+000  3.3540751e+000  5.0669781e+000  1.4586427e+000  3.2024078e+000  4.6307842e+000  2.0520081e+000  1.9579548e+000  3.7926108e+000
  2.0000000e+000  3.2307427e+000  3.5384678e+000  1.5871219e+000  3.8005997e+000  3.6022345e+000  5.1047253e-001  2.4444471e+000  4.0004483e+000  3.0008429e+000  2.8064863e+000
  2.0000000e+000  2.4935081e+000  3.1912692e+000  2.0287945e+000  4.1052103e+000  2.6440762e+000  2.7499253e+000  4.7101978e+000  2.7660584e+000  1.9042028e+000  4.7675189e-001
  2.0000000e+000  4.2857043e+000  2.0111191e+000  2.7625237e+000  1.2526393e+000  3.1889510e+000  3.8436978e+000  4.0137539e+000  2.6621109e+000  5.0654105e+000  2.7244619e+000
  2.0000000e+000  2.2367516e+000  2.6399718e+000  3.9871360e+000  3.4612282e+000  1.4744887e+000  3.8614968e+000  2.6060236e+000  7.2278577e-001  3.6979888e+000  2.5513745e-001
  2.0000000e+000  2.0741202e+000  2.4247941e+000  3.0133967e+000  2.4186574e+000  2.5723668e+000  3.2961670e+000  2.8325335e+000  2.3016501e+000  5.5528467e+000  1.4896120e+000
  2.0000000e+000  1.2160702e+000  2.8030258e+000  4.5992240e+000  3.9504710e+000  2.2823792e+000  3.9861675e+000  3.4546125e+000  4.9252119e+000  4.0001771e+000  2.4476247e+000
  2.0000000e+000  3.4340560e+000  2.8285057e+000  1.6286350e+000  3.1591779e+000  5.4770900e+000  2.5163843e+000  1.7651650e+000  2.4910915e+000  3.0638208e+000  2.1084741e+000
  2.0000000e+000  3.4823542e+000  3.6884428e+000  2.9641569e+000  2.5431339e+000  2.4781994e+000  3.7651281e+000  2.3283483e+000  2.6747730e+000  2.4260824e+000  3.0590728e+000
  2.0000000e+000  3.9269577e+000  2.3002976e+000  2.0387475e+000  2.3469581e+000  2.2493275e+000  3.8307358e+000  1.6182639e+000  3.9137816e+000  1.5028420e+000  2.4469352e+000
  1.0000000e+000  3.3959169e+000  2.8696924e+000  2.9981987e+000  3.4503613e+000  4.2513006e+000  2.6402264e+000  3.0017854e+000  1.8708067e+000  3.3370753e+000  3.6724160e+000
  2.0000000e+000  1.5410511e+000  3.7770782e+000  3.2165687e+000  1.8354871e+000  5.1076499e-001  5.2363097e+000  3.3387601e+000  3.8765763e+000  2.2181826e+000  3.2135368e+000
  2.0000000e+000  1.2353461e+000  3.4040409e+000  2.9335070e+000  4.1337123e+000  2.9053837e+000  5.4602035e+000  3.1783038e+000  3.5351078e+000  1.4951335e+000  2.4704518e+000
  2.0000000e+000  2.5776212e+000  3.6287881e+000  3.5895060e+000  3.8837564e+000  3.5374814e+000  8.7093097e-001  2.1604157e+000  3.4181657e+000  2.0262565e+000  4.2145733e+000
  2.0000000e+000  1.5996139e+000  3.6280147e+000  2.0725512e+000  2.0522324e+000  3.2149168e+000  9.2111778e-001  3.5397953e+000  4.2816517e+000  2.1120116e+000  2.0840362e+000
  2.0000000e+000  1.8637761e+000  2.2504808e+000  2.4261965e+000  3.5182148e+000  3.0302688e+000  1.9486379e+000  2.1348829e+000  1.9761385e+000  3.0633329e+000  1.1365676e+000
  2.0000000e+000  1.0286227e+000  2.6983519e+000  1.6185938e+000  3.7088577e+000  3.3447279e+000  4.2052177e+000  6.2756937e-001  3.9911620e+000  3.7536613e+000  3.9508196e+000
  2.0000000e+000  2.5888268e+000  4.7276631e+000  2.1099347e+000  2.7586167e+000  1.3257174e+000  2.4096271e+000  2.3866175e+000  2.7731860e+000  8.4679915e-001  2.7274437e+000
  2.0000000e+000  1.8950033e+000  2.5507746e+000  4.9816657e-001  2.5743439e+000  2.6460352e+000  2.6763573e+000  2.2255061e+000  3.0865484e+000  9.6211619e-002  3.0492679e+000
  2.0000000e+000  2.6242624e+000  3.5712047e+000  3.4711297e+000  3.8306861e+000  3.7475346e+000  2.4914281e+000  2.1026338e+000  3.0649791e+000  2.2524411e+000  2.1105792e+000
  2.0000000e+000  2.1023306e+000  2.8232538e+000  4.2239331e+000  1.9340017e+000  3.4120180e+000  3.5885305e+000  2.2559300e+000  2.0385168e+000  5.3238487e+000  3.1105626e+000
  2.0000000e+000  3.2706580e+000  4.5695298e-001  2.2590116e+000  2.0907329e+000  4.1581464e+000  4.2265752e+000  4.7647380e+000  2.3847455e+000  1.9422205e+000  2.4357696e+000
  2.0000000e+000  2.1815003e+000  2.2204012e+000  2.0795524e+000  3.8711943e+000  3.0530472e+000  1.3583099e+000  3.6242557e+000  3.1479960e+000  3.2306471e+000  3.0562313e+000
  1.0000000e+000  2.6727445e+000  3.0050067e+000  2.5448972e+000  1.2541435e+000  3.7354545e+000  2.8691324e+000  3.3803142e+000  2.6495271e+000  2.1260022e+000  1.2371933e+000
  2.0000000e+000  3.1588774e+000  3.5661752e+000  2.1588029e+000  2.3488661e+000  5.8920979e+000  2.4652708e+000  1.0206435e+000  3.5845016e+000  3.1282440e+000  2.0734933e+000
  2.0000000e+000  1.2021871e+000  4.0163953e+000  4.9457871e+000  1.3411340e+000  3.1042417e+000  2.1797619e+000  2.0416922e+000  2.5977131e+000  1.9030503e+000  3.6853607e+000
  2.0000000e+000  3.9766732e+000  4.2994817e+000  1.1106164e+000  3.3723929e+000  3.6266153e+000  4.3372899e+000  3.5589421e+000  2.3057801e+000  4.0470352e+000  2.8984953e+000
  2.0000000e+000  3.7624951e+000  3.8338004e+000  3.1014896e+000  3.3149885e+000  2.4437200e+000  2.2412479e+000  2.9853684e+000  2.6032806e+000  2.2383129e+000  3.0511344e+000
  1.0000000e+000  2.6701737e+000  4.2275109e+000  1.8471775e+000  2.3807205e+000  4.0488986e+000  2.8661653e+000  3.9570088e+000  3.1087766e+000  2.2125438e+000  2.6972160e+000
  2.0000000e+000  2.8508076e+000  2.3689109e+000  3.6716149e+000  2.0329653e+000  3.2652694e+000  2.5216517e+000  1.2706225e+000  2.4749378e+000  1.7186793e+000  5.4601091e+000
  2.0000000e+000  2.8682192e+000  1.1069343e+000  3.6965956e+000  4.2076074e+000  3.5874751e+000  4.0501685e+000  1.5151493e+000  2.8807453e+000  2.7832543e+000  4.5161443e+000
  2.0000000e+000  2.3162257e+000  4.0666355e+000  3.6474828e+000  1.8512598e+000  2.3006622e+000  5.5011055e+000  2.8456024e+000  3.2035857e+000  3.8559495e+000  4.6113827e+000
  2.0000000e+000  4.5853010e+000  2.6505750e+000  3.2968691e+000  2.2241369e+000  2.8894138e+000  2.4252695e+000  1.6850512e+000  3.5456126e+000  2.2223589e+000  4.3680135e+000
  2.0000000e+000  3.3318986e+000  3.4335756e+000  3.3663684e+000  2.1436176e+000  3.0805002e+000  3.3306469e+000  2.9625711e+000  3.2506988e+000  3.4264065e+000  5.0896276e+000
  2.0000000e+000  4.0582136e+000  3.5535535e+000  1.8513359e+000  3.7456820e+000  2.7879997e+000  3.5405365e+000  2.3273489e+000  3.3867040e+000  2.3559321e+000  2.4901463e+000
  2.0000000e+000  2.8020450e+000  1.8272943e+000  2.4029419e+000  3.8923855e+000  2.1052925e+000  1.9667131e+000  5.0940081e+000  4.6791180e+000  2.4189137e+000  2.3313127e+000
