  1.0000000e+000  2.2223343e+000  1.8655290e+000  3.2333717e+000  2.6678760e+000  3.5751787e+000  3.7888949e+000  8.4552198e-001  2.9683364e+000  2.5880098e+000  2.8352659e+000
  2.0000000e+000  4.3813347e+000  4.8167390e+000  2.5259667e+000  3.5767324e+000  3.3544847e+000  2.8268284e+000  3.5405173e+000  2.1902492e+000  3.1296302e+000  6.1831516e-001
  2.0000000e+000  4.2024352e+000  3.9783877e+000  3.1080052e+000  4.4344346e+000  4.3934225e+000  4.3792177e+000  2.9802193e+000  2.6418900e+000  2.0415349e+000  3.8837766e+000
  2.0000000e+000  3.5014740e+000  3.0592870e+000  4.2203178e+000  4.2709887e+000  1.9228568e+000  3.4148868e+000  3.6191696e+000  2.8169782e+000  5.0214968e+000  4.9006511e+000
  2.0000000e+000  3.5270326e+000  1.5212206e+000  2.9448465e+000  2.6008984e+000  1.3044452e+000  4.0652524e+000  3.4352629e+000  2.8110968e+000  2.4850133e+000  2.8898524e+000
  2.0000000e+000  2.7064628e+000  1.8795283e+000  2.2855748e+000  4.3325722e+000  4.8687644e+000  3.7411995e+000  2.0948293e+000  3.7589862e+000  3.0046492e+000  3.6874061e+000
  2.0000000e+000  3.7430544e+000  2.7451001e+000  1.5378216e+000  3.4236252e+000  2.3309019e+000  2.0208701e+000  2.2740752e+000  1.5134486e+000  3.2227908e+000  4.3390823e+000
  1.0000000e+000  2.3244556e+000  9.8837091e-001  2.9282847e+000  3.8209490e+000  3.7563942e+000  3.0781978e+000  3.5538103e+000  2.3205633e+000  2.1090972e+000  2.2366825e+000
  2.0000000e+000  2.9897048e+000  2.4314224e+000  3.6375778e+000  2.7140482e+000  4.0317564e+000  2.2294942e+000  4.7087164e+000  2.1240994e+000  3.0180907e+000  3.4974679e+000
  2.0000000e+000  3.4157417e+000  2.9755952e+000  2.1588845e+000  4.4386088e+000  1.8276995e+000  2.5459665e+000  3.7947454e+000  3.2992485e+000  2.7856591e+000  4.5601907e+000
  2.0000000e+000  2.5405850e+000  3.5464089e+000  4.0346277e+000  4.3174688e+000  4.4152750e+000  4.1387015e+000  2.2600859e+000  1.9478873e+000  3.0122316e+000  3.9854693e+000
  2.0000000e+000  2.0140529e+000  3.9330540e+000  3.6706343e+000  3.6375369e+000  3.9508656e+000  4.3542499e+000  5.5988642e-001  3.6001309e+000  2.7022438e+000  2.1239212e+000
  2.0000000e+000  3.0708325e+000  4.0035305e+000  2.3002926e+000  3.8642313e+000  3.1717893e+000  2.3069339e+000  3.6191853e+000  2.4410019e+000  3.0936489e+000  2.4657464e+000
  2.0000000e+000  2.2747102e+000  2.4349597e+000  1.6132646e+000  1.2374205e+000  4.4450128e+000  3.4160509e+000  2.7669404e+000  4.6193474e+000  1.8619118e+000  3.0902687e+000
  2.0000000e+000  3.2237329e+000  1.6531443e+000  2.6735594e+000  1.8487627e+000  2.9608073e+000  2.0046854e+000  3.8148987e+000  2.4005202e+000  4.2263188e+000  5.0713557e+000
  1.0000000e+000  3.4297256e+000  1.8316129e+000  3.8761619e+000  2.5713803e+000  4.2603689e+000  3.2764936e+000  2.9543503e+000  4.3386584e+000  2.8872613e+000  2.2334727e+000
  2.0000000e+000  1.9905074e+000  3.3712233e+000  4.1967551e+000  2.8663335e+000  3.4511700e+000  2.3554071e+000  1.8268339e+000  3.6942025e+000  2.7954571e+000  3.1385886e+000
  2.0000000e+000  2.4730891e+000  1.9782141e+000  1.6558623e+000  3.2203230e+000  4.9146980e+000  2.3036183e+000  2.8445778e+000  2.4608190e+000  3.1789402e+000  3.9547232e+000
  1.0000000e+000  3.2104359e+000  3.5273898e+000  2.9069817e+000  3.6724167e+000  4.4497064e+000  3.6969714e+000  4.3005291e+000  4.4224530e+000  2.6753943e+000  1.2977580e+000
  2.0000000e+000  3.4143412e+000  3.2701256e+000  2.9345803e+000  4.3045618e+000  3.0106541e+000  3.2959263e+000  2.5486639e+000  3.2756937e+000  3.8302912e+000  3.0121310e+000
  2.0000000e+000  3.6904956e+000  1.9312268e+000  2.9583236e+000  4.1031505e+000  4.1190291e+000  2.0125821e+000  3.7188019e+000  4.4451312e+000  3.0208293e+000  3.2536159e+000
  2.0000000e+000  3.8211939e+000  1.0750469e+000  3.1252684e+000  3.4108344e+000  3.6619056e+000  2.9796476e+000  2.0257692e+000  2.6123352e+000  4.2636568e+000  3.3303173e+000
  1.0000000e+000  3.3253657e+000  2.1345620e+000  3.6554071e+000  2.9727674e+000  2.2242252e+000  3.0852415e+000  1.8163907e+000  2.8665707e+000  3.5495011e+000  1.9317890e+000
  1.0000000e+000  2.7782220e+000  2.8471361e+000  3.1499457e+000  3.1339842e+000  2.6230867e+000  3.0613717e+000  3.5311964e+000  1.1973834e+000  3.0179342e+000  2.6032528e+000
  1.0000000e+000  2.2065893e+000  5.5410277e+000  1.3101921e+000  2.8174768e+000  3.7020229e+000  3.5992841e+000  1.6284014e+000  4.5087059e+000  3.5828479e+000  2.4458664e+000
  2.0000000e+000  2.6454536e+000  3.5573712e+000  1.9767232e+000  2.9474919e+000  3.8221805e+000  4.1728417e+000  3.3991854e+000  4.3998479e+000  2.0290633e+000  2.3830371e+000
  2.0000000e+000  2.4115144e+000  2.2965059e+000  3.6743187e+000  4.0356417e+000  5.3441042e+000  3.1493882e+000  2.2559800e+000  3.9434870e+000  4.5323713e+000  2.5945992e+000
  2.0000000e+000  2.8084758e+000  2.2837153e+000  2.7685917e+000  2.4769348e+000  7.8819614e-001  3.9637488e+000  3.3934558e+000  3.1279289e+000  1.8332932e+000  7.1163377e-001
  1.0000000e+000  3.7738803e+000  3.2310173e+000  4.1407523e+000  3.4856652e+000  3.1195568e+000  3.4898817e+000  2.4822877e+000  1.7788000e+000  3.0363920e+000  2.8438688e+000
  2.0000000e+000  1.9745170e+000  4.0657663e+000  3.5310874e+000  4.7236439e+000  4.0604267e+000  2.4305510e+000  3.6629566e+000  2.4057096e+000  2.7798358e+000  1.9584023e+000
  2.0000000e+000  2.7153500e+000  3.8537117e+000  5.0993597e+000  4.9663156e+000  3.9449413e+000  2.7523468e+000  2.4506240e+000  1.3642778e+000  3.0838430e+000  4.5720678e+000
  2.0000000e+000  1.3651476e+000  3.2804750e+000  3.0900893e+000  2.8093614e+000  3.9230275e+000  2.5979824e+000  3.4760364e+000  3.8251394e+000  3.0842596e+000  2.2693794e+000
  2.0000000e+000  2.9677598e+000  4.2890713e+000  4.4073279e+000  2.0519985e+000  3.6051525e+000  4.4533518e+000  2.6691317e+000  1.2148206e+000  1.1559443e+000  5.3932551e+000
  1.0000000e+000  2.6192037e+000  2.8781154e+000  2.6096859e+000  3.0235391e+000  3.8826782e+000  3.2732829e+000  2.1955338e+000  3.7745857e+000  4.0127162e+000  3.6949495e+000
  2.0000000e+000  3.6237584e+000  2.9584833e+000  2.6691039e+000  4.1495774e+000  3.0942302e+000  2.1777305e+000  4.0314713e+000  1.8404314e+000  3.5135350e+000  2.0136782e+000
  2.0000000e+000  3.6360509e+000  2.6306315e+000  2.1132823e+000  2.4814330e+000  4.0236242e+000  2.7923706e+000  3.4560322e+000  4.4871805e-001  3.7701872e+000  1.1650030e+000
  2.0000000e+000  1.8384032e+000  3.9640287e+000  2.3891614e+000  2.9301999e+000  3.0811145e+000  2.0527325e+000  2.1748173e+000  2.7707510e+000  2.1955157e+000  3.3255672e+000
  2.0000000e+000  2.6439949e+000  4.9512090e+000  1.0463748e+000  3.8522436e+000  3.6932082e+000  2.7327741e+000  2.3320698e+000  3.0062049e+000  2.7083769e+000  2.6176175e+000
  2.0000000e+000  3.6956007e+000  2.7142673e+000  4.1439844e+000  4.5842727e+000  3.8609223e+000  2.3531478e+000  4.9463808e+000  3.0690334e+000  3.3158424e+000  3.4546112e+000
  2.0000000e+000  1.4625040e+000  1.4187330e+000  3.5296769e+000  4.2915477e+000  2.5596359e+000  3.4330155e+000  2.2233962e+000  1.9699177e+000  2.9299121e+000  4.1561943e+000
  2.0000000e+000  2.9850663e+000  3.0605566e+000  3.4553864e+000  2.2609520e+000  2.1491984e+000  5.1851750e+000  1.9049336e+000  1.7086353e+000  3.2484745e+000  3.1357392e+000
  2.0000000e+000  1.8657461e+000  3.1973977e+000  3.5458190e+000  3.6220860e+000  3.6927075e+000  2.0310823e+000  2.1733540e+000  3.7067136e+000  3.5096470e+000  2.6161190e+000
  2.0000000e+000  2.4996848e+000  3.5156707e+000  2.5039980e+000  3.8001134e+000  3.1738108e+000  2.3506065e+000  2.5928255e+000  3.0043709e+000  2.1093274e+000  3.3824906e+000
  2.0000000e+000  3.8155796e+000  2.9590206e+000  4.2119713e+000  4.5994490e+000  2.7995328e+000  3.5555617e+000  4.6399073e+000  2.8994140e+000  1.8495603e+000  3.2405303e+000
  2.0000000e+000  3.0352148e+000  1.9766865e+000  3.2271551e+000  1.7651799e+000  3.7620879e+000  1.9648406e+000  3.0400391e+000  3.4567245e+000  2.7261098e+000  3.2305156e+000
  2.0000000e+000  3.4165072e+000  2.3569392e+000  3.8719554e+000  4.6374587e+000  3.3615049e+000  1.6586798e+000  3.2275462e+000  4.5906364e-001  3.2847536e+000  2.9500288e+000
  2.0000000e+000  3.8897826e+000  2.3658383e+000  3.0759994e+000  2.6378931e+000  3.0683167e+000  2.2150932e+000  9.0714156e-001  2.9618292e+000  1.8231742e+000  5.3809617e+000
  2.0000000e+000  2.3817311e+000  3.7417839e+000  3.6049085e+000  4.4622188e+000  2.7555455e+000  3.3889448e+000  3.2138325e+000  2.5568170e+000  3.2527860e+000  3.7237458e+000
  2.0000000e+000  3.2373072e+000  3.4702619e+000  2.9198057e+000  1.9993691e+000  2.8560942e+000  5.0197747e+000  5.1998040e+000  4.9652709e+000  1.2107929e+000  4.1568462e+000
  2.0000000e+000  1.2215955e+000  4.0343210e+000  2.3231071e+000  2.3565487e+000  2.9731536e+000  4.2263296e-001  3.8142939e+000  2.7151984e+000  3.4798129e+000  3.9412469e+000
  2.0000000e+000  3.1526051e+000  4.0634673e+000  2.1160582e+000  2.3301482e+000  3.9835591e+000  3.9325621e+000  2.2015503e+000  3.0679530e+000  1.2975379e+000  4.6830044e+000
  2.0000000e+000  3.4748544e+000  2.8157844e+000  1.9374650e+000  3.5992563e+000  3.4210713e+000  4.7980030e+000  1.9055725e+000  3.2796483e+000  4.5204589e+000  3.4891014e+000
  1.0000000e+000  3.9349500e+000  3.5880506e+000  1.9362521e+000  2.2048898e+000  3.4012948e+000  3.2036995e+000  3.2260819e+000  2.6040594e+000  4.0597924e+000  3.1494964e+000
  2.0000000e+000  3.2406252e+000  2.0144291e+000  2.7663398e+000  3.0977558e+000  4.2350689e+000  4.8889388e+000  2.3522698e+000  2.9435769e+000  3.3265088e+000  1.7221285e+000
  2.0000000e+000  3.7326685e+000  4.1738846e+000  4.3322403e+000  1.5717280e+000  3.4370371e+000  3.1613678e+000  2.9344495e+000  3.7221594e+000  5.0016843e+000  2.9489697e+000
  1.0000000e+000  1.5117871e+000  2.1770158e+000  3.6185138e+000  3.1374595e+000  3.2202468e+000  3.5285877e+000  3.3157246e+000  1.9086573e+000  4.7571091e+000  2.8899365e+000
  1.0000000e+000  3.5951928e+000  2.8369083e+000  1.8176201e+000  3.0242608e+000  3.2256925e+000  3.0572904e+000  2.0249691e+000  2.6215702e+000  3.7025212e+000  3.8319634e+000
  2.0000000e+000  2.7376087e+000  4.0224665e+000  5.0278662e+000  2.1021688e+000  5.4215972e+000  1.4810930e+000  4.8802265e+000  4.1718508e+000  1.3649113e+000  4.0939380e+000
  2.0000000e+000  2.3472582e+000  4.5316141e+000  3.3632176e+000  3.1781518e+000  5.2454061e+000  1.6634192e+000  2.3342939e+000  1.3598143e+000  1.6905492e+000  2.1659970e+000
  1.0000000e+000  3.4412188e+000  1.3753897e+000  4.8139039e+000  2.4334033e+000  3.3996265e+000  3.3905609e+000  7.1133261e-001  2.8436393e+000  2.9649988e+000  2.3817342e+000
  2.0000000e+000  4.1086060e+000  2.6742442e+000  4.1226508e+000  3.9287084e+000  3.5052909e+000  2.9540100e+000  3.9594855e+000  2.1428637e+000  1.4641457e+000  4.2463617e+000
  2.0000000e+000  3.0540542e+000  2.9318924e+000  1.5347263e+000  2.5478166e+000  2.2761238e+000  4.7885716e+000  2.3686390e+000  4.7502571e+000  3.1565707e+000  3.4509736e+000
  2.0000000e+000  6.0070765e-001  1.3232632e+000  2.4756711e+000  3.0370426e+000  4.4736406e+000  2.3342592e+000  4.3192085e+000  2.0072728e+000  3.0261308e+000  3.2661903e+000
  1.0000000e+000  2.2329825e+000  2.2490323e+000  3.0347238e+000  2.2222308e+000  1.6518976e+000  3.0273523e+000  4.0271686e+000  2.8585821e+000  5.1993631e+000  2.0073795e+000
  2.0000000e+000  3.4469438e+000  1.7814138e+000  3.5291385e+000  2.5183321e+000  2.6615098e+000  1.8180003e+000  2.6996493e+000  2.7654916e+000  1.5237404e+000  3.0767789e+000
  1.0000000e+000  2.2992489e+000  2.5895995e+000  2.4296253e+000  3.6797219e+000  2.5436299e+000  3.2894002e+000  3.6563540e+000  2.7393659e+000  1.7347711e+000  3.8829844e+000
  2.0000000e+000  3.4481071e+000  2.6708869e+000  2.0349458e+000  1.8031604e+000  3.2424005e+000  2.4432467e+000  2.6676060e+000  5.0070798e+000  4.5582328e+000  3.7368832e+000
  2.0000000e+000  2.2339796e+000  4.7560681e+000  2.2161269e+000  5.1141214e+000  4.4897378e+000  1.7320440e+000  1.2324170e+000  4.0259356e+000  3.1253680e+000  2.4636330e+000
  2.0000000e+000  3.6938002e+000  3.2695337e+000  1.8539106e+000  1.9700388e+000  2.7311866e+000  2.6855840e+000  2.7364902e+000  1.9960059e+000  2.6509379e+000  3.3818073e+000
  2.0000000e+000  3.0602619e+000  3.1300000e+000  3.8141822e-001  3.0599671e+000  3.1530214e+000  1.3005559e+000  4.2989539e+000  3.0750177e+000  3.0218056e+000  4.8111469e+000
  2.0000000e+000  2.9826870e+000  3.1975453e+000  3.0121300e+000  9.0211475e-001  2.3777926e+000  2.6874198e+000  3.5824299e+000  3.7361737e+000  2.7491697e+000  2.0112037e+000
  2.0000000e+000  2.6547351e+000  2.7709143e+000  4.5696302e+000  3.4436022e+000  3.9234910e+000  2.6883249e+000  2.2779364e+000  2.0291005e+000  1.7199002e+000  2.5281218e+000
  2.0000000e+000  2.0038080e+000  3.2156538e+000  4.8629407e+000  1.7024025e+000  3.3511711e+000  2.6952968e+000  4.4193286e+000  2.3347064e+000  2.8772681e+000  1.1432273e+000
  2.0000000e+000  2.9055446e+000  3.7388725e+000  2.4800910e+000  3.7527550e+000  3.2426146e+000  3.8192976e+000  4.0707892e+000  2.5602036e+000  2.8089041e+000  4.0988812e+000
  2.0000000e+000  3.7251373e+000  2.2263642e+000  3.3549927e+000  2.2891847e+000  2.7015208e+000  1.9056551e+000 -6.9834476e-001  4.4765173e+000  4.2172927e+000  1.4643624e+000
  2.0000000e+000  2.7371785e+000  2.8973438e+000  3.2302007e+000  3.4255750e+000  3.6951946e+000  2.4202976e+000  3.3749450e+000  2.5587948e+000  4.1587795e+000  4.8658380e+000
  2.0000000e+000  2.7448354e+000  2.5716001e+000  2.3375883e+000  1.4940451e+000  2.8004598e+000  4.4454661e+000  1.4805925e+000  2.6662979e+000  2.4068614e+000  3.3562827e+000
  2.0000000e+000  2.0166500e+000  3.7031544e+000  3.7361313e+000  4.0217931e+000  3.4620887e+000  2.7084428e+000  3.6106660e+000  3.3716647e+000  2.8067029e+000  3.1590431e+000
  2.0000000e+000  3.8250672e+000  2.8713288e+000  3.3668463e+000  3.5273694e+000  3.0699421e+000  3.9331894e+000  4.0859923e+000  2.0705817e+000  2.5927350e+000  2.4608366e+000
  2.0000000e+000  4.6795200e+000  2.1268168e+000  2.6142519e+000  1.9966702e+000  2.6601611e+000  3.5112811e+000  4.5160928e+000  3.3512678e+000  3.5757380e+000  3.4620932e+000
  2.0000000e+000  2.3763016e+000  2.6917901e+000  1.8668570e+000  3.6515027e+000  3.6392825e+000  2.9421754e+000  3.4762294e+000  2.7329723e+000  3.3544426e+000  3.8255883e+000
  2.0000000e+000  3.0340605e+000  1.6786750e+000  3.2347266e+000  3.4682597e+000  3.1613919e+000  5.3050047e+000  2.4277650e+000  3.1718806e+000  2.7186594e+000  1.2461848e+000
  2.0000000e+000  4.2471162e+000  2.8962099e+000  2.8747047e+000  3.2703854e+000  4.1218721e+000  2.7622869e+000  2.8920655e+000  2.6377859e+000  4.5308758e+000  4.0616334e+000
  2.0000000e+000  3.6323796e+000  2.5205948e+000  1.8875505e+000  1.4861493e+000  2.6859359e+000  2.8121071e+000  2.4712799e+000  4.8657960e+000  4.1019829e+000  3.2313157e+000
  1.0000000e+000  3.5638671e+000  3.5725177e+000  9.5789748e-001  3.8191550e+000  2.9563149e+000  3.5204750e+000  4.0003146e+000  1.5631061e+000  2.7424187e+000  3.8218170e+000
  1.0000000e+000  2.9600193e+000  2.9855634e+000  3.1500062e+000  2.8351297e+000  3.7064007e+000  3.6249957e+000  3.0092814e+000  2.5060378e+000  4.7879485e+000  2.8995331e+000
  2.0000000e+000  3.1557597e+000  2.4395798e+000  2.0463682e+000  2.8909016e+000  2.4859368e+000  8.7990558e-001  3.9244022e+000  2.6121494e+000  3.5536794e+000  2.4713770e+000
  1.0000000e+000  3.9788870e+000  2.3531458e+000  2.8215128e+000  2.7388641e+000  3.8251811e+000  3.3464959e+000  3.3026406e+000  3.0419695e+000  2.6314485e+000  3.8220880e+000
  2.0000000e+000  3.4021834e+000  4.1124040e+000  3.0151105e+000  3.0446381e+000  3.5593858e+000  1.8800611e+000  3.1422070e+000  4.6359647e+000  3.2597015e+000  4.4785240e+000
  2.0000000e+000  2.4668341e+000  1.0074540e+000  2.5817433e+000  4.2311512e+000  2.0345630e+000  3.9573772e+000  3.5114960e+000  3.5346931e+000  2.1887494e+000  3.6440251e+000
  2.0000000e+000  4.5129387e+000  2.0395818e+000  4.0008277e+000  4.2698073e+000  2.9716651e+000  4.6546077e+000  2.2303151e+000  2.6470508e+000  3.0146565e+000  4.7525015e+000
  2.0000000e+000  2.1453200e+000  1.6852351e+000  2.8882602e+000  2.6951912e+000  1.9426722e+000  1.0779306e+000  1.1737074e+000  3.1600171e+000  4.5276898e+000  2.9909261e+000
  2.0000000e+000  3.1655752e+000  3.4093122e+000  2.9991399e+000  3.9081020e+000  3.3533914e+000  4.0250468e+000  1.9074456e+000  2.9296612e+000  3.2138496e+000  3.3894624e+000
  2.0000000e+000  1.6829062e+000  4.8845135e+000  3.7728953e+000  2.5711642e+000  2.0614948e+000  3.4037266e+000  2.1942079e+000  2.7447928e+000  3.0523120e+000  8.1667556e-001
  2.0000000e+000  1.1408095e+000  2.7691839e+000  1.4327945e+000  5.2545785e+000  8.0375707e-001  3.6534077e+000  3.8399705e+000  2.1352801e+000  2.4139719e+000  2.5274253e+000
  2.0000000e+000  1.8741264e+000  3.2040132e+000  3.9781185e+000  2.3005166e+000  2.7856999e+000  2.5483838e+000  3.8724728e+000  3.7039756e+000  3.2311479e+000  4.8003567e+000
  2.0000000e+000  2.0329795e+000  2.4289560e+000  3.1830367e+000  4.4328328e+000  2.9845298e+000  4.5689343e+000  1.4331435e+000  1.5534430e+000  5.0782534e+000  1.8311583e+000
  2.0000000e+000  3.8150828e+000  3.7590751e+000  2.0089952e+000  1.9137092e+000  2.1305610e+000  3.5321872e+000  4.2350171e+000  2.8927277e+000  5.4285252e+000  2.0326392e+000
  1.0000000e+000  3.9765566e+000  2.9788461e+000  4.6654652e+000  2.6591683e+000  4.3444083e+000  3.3723572e+000  2.3626003e+000  2.1879984e+000  1.8508312e+000  2.5231029e+000
  2.0000000e+000  2.4242094e+000  2.8954167e+000  3.0990091e+000  4.1345308e+000  3.2479250e+000  2.2836201e+000  2.7807210e+000  4.7215270e+000  3.3801191e+000  2.2800274e+000
