  2.0000000e+000  2.9404600e+000  7.7813209e-001  3.3734920e+000  3.6758778e+000  2.3016729e+000  4.6859838e+000  3.5416834e+000  1.5846737e+000  2.7867191e+000  2.1234639e+000
  2.0000000e+000  2.4495795e+000  3.4818451e+000  4.3142006e+000  1.9547801e+000  1.0985326e+000  1.5080063e+000  1.6020034e+000  3.6832493e+000  3.4974005e+000  2.0916891e+000
  1.0000000e+000  3.4175946e+000  2.6162992e+000  2.0827811e+000  4.3051038e+000  4.2801008e+000  3.4075914e+000  3.6018632e+000  2.7616705e+000  3.8521801e+000  3.4772856e+000
  2.0000000e+000  2.4341723e+000  6.7961628e-001  2.6389529e+000  5.0704337e+000  2.8403579e+000  2.0744413e+000  4.2276982e+000  5.6122629e+000  3.8289201e+000  3.8936019e+000
  2.0000000e+000  2.8135835e+000  3.3951151e+000  2.5223692e+000  1.7227306e+000  4.3977237e+000  2.0281905e+000  2.4228070e+000  3.7870393e+000  3.4201112e+000  4.3218200e+000
  2.0000000e+000  2.2023507e+000  1.8238118e+000  2.5135318e+000  3.3030741e+000  3.5467498e+000  2.4364227e+000  2.6170793e+000  2.5293380e+000  3.8658753e+000  2.8424358e+000
  2.0000000e+000  2.8244569e+000  2.1609500e+000  3.1842264e+000  3.6815811e+000  4.8361923e+000  3.6149844e+000  2.4026316e+000  2.6746657e+000  4.7928986e+000  2.5340147e+000
  2.0000000e+000  3.4627730e+000  2.4731013e+000  2.7912530e+000  6.3669281e+000  2.7386669e+000  4.0207674e+000  2.4842414e+000  2.7373136e+000  2.7533261e+000  2.0798575e+000
  2.0000000e+000  5.7203838e-001  3.0114421e+000  3.0740379e+000  3.7682649e+000  1.8579638e+000  3.0191048e+000  2.4365060e+000  3.1888232e+000  4.6945954e+000  2.4089013e+000
  2.0000000e+000  1.9976602e+000  3.8220460e+000  2.8355594e+000  2.6628557e+000  4.3845857e+000  1.5659616e+000  2.3399898e+000  1.8443393e+000  3.3039151e+000  3.0645223e+000
  2.0000000e+000  3.1142660e+000  4.7110782e+000  4.5469841e+000  3.2386327e+000  3.2287941e+000  1.4458186e+000  2.8646620e+000  1.0961341e+000  1.8935251e+000  3.7722412e+000
  2.0000000e+000  3.5527157e+000  2.2789828e+000  2.7768090e+000  2.2328615e+000  3.1125052e+000  3.6317211e+000  3.0915783e+000  5.0532129e+000  1.9295186e+000  3.2181029e+000
  2.0000000e+000  3.9527454e+000  2.4409048e+000  1.8752537e+000  3.1665757e+000  1.9115250e+000  9.0661814e-001  3.7566007e+000  1.6784061e+000  1.7882788e+000  3.8005578e+000
  2.0000000e+000  3.3074692e+000  2.4689671e+000  2.4714089e+000  2.8503742e+000  1.8962470e+000  3.3830287e+000  2.8770109e+000  2.5867585e+000  2.7737700e+000  2.2291978e+000
  1.0000000e+000  1.8246820e+000  2.8787868e+000  3.5844179e+000  2.9162107e+000  2.8097217e+000  2.7823695e+000  3.0056706e+000  4.0971485e+000  3.0197217e+000  2.2884456e+000
  2.0000000e+000  2.2248539e+000  2.9439707e+000  3.1615977e+000  3.3577800e+000  2.3748844e+000  3.2183905e+000  3.6136881e+000  1.6364543e+000  2.6706272e+000  3.3458471e+000
  2.0000000e+000  4.4588374e+000  1.8104750e+000  2.3709875e+000  3.5704908e+000  2.9024374e+000  3.6632866e+000  2.5835759e+000  3.9499024e+000  2.6171979e+000  3.6730090e+000
  1.0000000e+000  3.4324494e+000  3.0205042e+000  1.5846524e+000  2.7438823e+000  2.2942583e+000  2.9010845e+000  4.8191406e+000  3.9378827e+000  3.1184038e+000  2.8315986e+000
  2.0000000e+000  3.0341914e+000  2.5626227e+000  6.8138742e-001  4.0098779e+000  1.4001866e+000  2.5178090e+000  1.2082780e+000  1.6641853e+000  2.5559214e+000  4.0217619e+000
  2.0000000e+000  2.9447204e+000  2.8414145e+000  1.4855319e+000  1.0597705e+000  2.1338267e+000  4.3449728e+000  3.7434698e+000  3.6040723e+000  2.3959891e+000  2.9622892e+000
  1.0000000e+000  3.4372408e+000  2.5450184e+000  3.8587906e+000  3.7926593e+000  2.5625837e+000  2.7044158e+000  4.1826434e+000  3.6192488e+000  3.7100352e+000  3.5460025e+000
  2.0000000e+000  2.9830666e+000  4.9072524e+000 -7.9230481e-003  2.1860803e+000  3.4856515e+000  3.6858655e+000  2.7016072e+000  3.5292957e+000  3.9614950e+000  1.7768656e+000
  2.0000000e+000  3.9259441e+000  3.7358146e+000  3.0663896e+000  2.9216447e+000  2.4939416e+000  1.3375467e+000  4.1228735e+000  1.9050203e+000  3.5546497e+000  1.4430540e+000
  2.0000000e+000  2.8761269e+000  3.7897986e+000  2.9639111e+000  4.7145775e+000  3.6270422e+000  2.9968009e+000  4.6734635e+000  4.0283580e+000  2.6809645e+000  3.0196380e+000
  1.0000000e+000  4.0623124e+000  3.1362820e+000  3.2480274e+000  1.2114861e+000  2.4224714e+000  3.0316171e+000  2.7257894e+000  1.8627396e+000  3.0710244e+000  4.0157011e+000
  2.0000000e+000  2.4412397e+000  3.6113440e+000  1.9190698e+000  4.6334751e+000  4.1905778e+000  3.5510073e+000  3.1369203e+000  3.2622500e+000  4.6513453e+000  3.5869846e+000
  2.0000000e+000  5.0549662e+000  2.0968414e+000  2.7714244e+000  2.4046581e+000  2.8300526e+000  4.8098320e+000  4.6562922e-001  1.9827196e+000  4.6588445e+000  2.6168680e+000
  2.0000000e+000  4.3785441e+000  1.7997175e+000  3.4807353e+000  3.0149337e+000  1.9747515e+000  2.6823135e+000  2.8445886e+000  3.9670704e+000  8.7196230e-001  2.7786671e+000
  2.0000000e+000  3.6354502e-001  2.6999068e+000  3.3483101e+000  2.9530139e+000  4.2715636e+000  3.4325425e+000  2.0003367e+000  3.9225995e+000  2.9249202e+000  4.9458943e+000
  2.0000000e+000  4.5448268e+000  3.0218634e+000  3.8348260e+000  1.8115106e+000  3.4039148e+000  1.9941192e+000  3.0332289e+000  2.7298958e+000  2.5528471e+000  5.1624479e+000
  2.0000000e+000  1.6010939e+000  2.1883915e+000  3.5374311e+000  2.7978340e+000  2.6208120e+000  3.1782100e+000  3.9895548e+000  4.0389586e+000  1.8652827e+000  1.7203871e+000
  1.0000000e+000  3.1544451e+000  2.8915287e+000  2.7440973e+000  2.7504161e+000  4.5741535e+000  2.5386320e+000  1.7665108e+000  5.3016681e+000  3.1500140e+000  3.7153930e+000
  1.0000000e+000  2.6378655e+000  2.5869723e+000  4.3642121e+000  2.4025519e+000  2.8100909e+000  2.6358979e+000  1.3166627e+000  3.2201885e+000  3.3673239e+000  2.5410017e+000
  2.0000000e+000  1.5529732e+000  2.4880341e+000  5.1003975e+000  3.7246604e+000  1.4438798e+000  2.7597584e+000  2.1632689e+000  4.0207800e+000  2.7085290e+000  4.9674439e+000
  1.0000000e+000  1.7501903e+000  4.0384400e+000  1.8181173e+000  4.7060966e+000  2.6327505e+000  2.2401372e+000  2.9112834e+000  2.6485352e+000  3.4671276e+000  2.5304540e+000
  1.0000000e+000  2.8001607e+000  2.3914791e+000  2.1415856e+000  3.1498776e+000  4.2997240e+000  3.0255712e+000  2.8632815e+000  3.0248427e+000  3.4786309e+000  2.3923720e+000
  2.0000000e+000  5.6162516e+000  2.4134608e+000  3.1144939e+000  3.4184754e+000  3.5892551e+000  4.3858549e+000  2.5544473e+000  3.3597278e+000  3.6678680e+000  4.7807160e+000
  2.0000000e+000  3.1014420e+000  4.0610150e+000  3.4176134e+000  3.6831080e+000  2.7825694e+000  2.1698554e+000  2.4181962e+000  1.5934306e+000  2.2054356e+000  1.2532852e+000
  2.0000000e+000  3.1962926e+000  2.4365330e+000  1.5074996e+000  1.9642073e+000  4.0499462e+000  2.4337916e+000  2.2103090e+000  2.5807372e+000  4.5538946e+000  1.6319180e+000
  2.0000000e+000  3.4597174e+000  4.2136309e+000  2.1728418e+000  2.7232766e+000  2.2931854e+000  2.5747187e+000  2.2846913e+000  2.8769229e+000  2.8377382e+000  2.1757812e+000
  2.0000000e+000  2.2676898e+000  2.7301008e+000  5.0396864e+000  3.4613947e+000  3.4190560e+000  2.4994428e+000  1.5874160e+000  4.6837538e+000  3.8678896e+000  3.9687023e+000
  2.0000000e+000  2.9383816e+000  4.3329130e+000  2.2892733e+000  1.7794194e+000  2.3285589e+000  1.0555967e+000  4.0834300e+000  3.9091388e+000  2.6252514e+000  4.5299999e+000
  1.0000000e+000  2.1357612e+000  1.5816339e+000  2.9743969e+000  2.1299353e+000  4.7835541e+000  3.4163938e+000  3.6986373e+000  2.2555990e+000  3.1224138e+000  3.8486664e+000
  2.0000000e+000  2.8278025e+000  6.1569082e-001  2.7894278e+000  3.3127016e+000  2.9543889e+000  3.8232609e+000  5.1376463e-001  1.2279238e+000  2.7452116e+000  4.9469831e+000
  2.0000000e+000  2.9390617e+000  3.7617590e+000  1.2250045e+000  3.2010775e+000  3.3052758e+000  1.3572178e+000  3.2599418e+000  2.9857858e+000  2.1245014e+000  1.7263024e+000
  2.0000000e+000  1.4590367e+000  3.6926504e+000  2.9156505e+000  4.2438725e+000  2.7130864e+000  1.8831885e+000  2.2397480e+000  2.9353410e+000  3.0649597e+000  2.5380731e+000
  2.0000000e+000  3.8281465e+000  2.7611476e+000  1.2149868e+000  4.2282438e+000  2.5882513e+000  4.2024596e+000  1.5772063e+000  4.3904624e+000  3.1985540e+000  3.0782455e+000
  2.0000000e+000  3.2943566e+000  1.7334716e+000  4.1631863e+000  1.7890694e+000  1.7670477e+000  1.8416535e+000  4.0915888e+000  3.7200984e+000  3.6668344e+000  4.1363907e+000
  1.0000000e+000  4.1091978e+000  2.5451328e+000  2.3686179e+000  2.1709916e+000  3.2851969e+000  2.8291528e+000  2.9821471e+000  2.4327046e+000  3.0227711e+000  3.6500175e+000
  2.0000000e+000  2.7337146e+000  4.9823965e+000  3.2787218e+000  3.8205493e+000  1.7298495e+000  2.8518050e+000  3.3892706e+000  3.4661511e+000  2.5158559e+000  1.5057227e+000
  2.0000000e+000  4.4033655e+000  3.3287198e+000  2.3779982e+000  2.8245500e+000  3.8651886e+000  2.8293541e+000  4.0877261e+000  4.7745434e+000  2.7517069e+000  4.0265076e+000
  1.0000000e+000  3.1130840e+000  1.4493121e+000  1.5578402e+000  2.5632451e+000  3.1048583e+000  2.2521996e+000  4.8998287e+000  2.1565943e+000  3.1561134e+000  3.3947114e+000
  2.0000000e+000  1.7192771e+000  2.8959338e+000  3.9319424e+000  3.3161013e+000  2.6943384e+000  1.7783353e+000  2.5449550e+000  4.5232504e+000  3.8154048e+000  3.0848814e+000
  2.0000000e+000  4.6308346e+000  2.5250280e+000  2.4925959e+000  3.5732893e+000  1.7597640e+000  2.1769204e+000  4.7534718e+000  2.9385648e+000  5.4971504e+000  3.9242480e+000
  1.0000000e+000  2.0616232e+000  3.8487159e+000  2.4911123e+000  4.7302976e+000  3.2163658e+000  3.6029623e+000  3.5517618e+000  2.1911651e+000  3.7737846e+000  3.7660458e+000
  2.0000000e+000  4.0245130e+000  2.5422919e+000  3.3942206e+000  3.7491525e+000  4.2816165e+000  3.0509702e+000  2.4620748e+000  1.0909526e+000  2.0772436e+000  2.6304866e+000
  2.0000000e+000  2.1287002e+000  4.1094199e+000  3.4304932e+000  4.0499436e+000  3.6580566e+000  3.2063732e+000  2.4095245e+000  2.7946475e+000  1.9127181e+000  3.6559972e+000
  2.0000000e+000  1.3922262e+000  2.3902456e+000  2.9193987e+000  3.5140344e+000  3.4351535e+000  4.3268113e+000  1.7769560e+000  1.9957964e+000  3.3409385e+000  2.9647867e+000
  2.0000000e+000  3.2247923e+000  4.7523098e+000  4.9424858e+000  3.0141834e+000  2.4395029e+000  1.8003401e+000  2.0319554e+000  2.2916700e+000  3.6105657e+000  3.1177040e+000
  2.0000000e+000  4.3325394e+000  1.8446456e+000  4.8209727e+000  3.2213149e+000  2.7300407e+000  1.4786693e+000  2.8582096e+000  3.2499878e+000  2.9950824e+000  2.4698275e+000
  2.0000000e+000  3.1386713e+000  3.2405968e+000  2.5592406e+000  4.3527681e+000  3.9751780e+000  4.8982645e+000  2.7388595e+000  1.1119783e+000  3.2446115e+000  5.2557734e+000
  2.0000000e+000  2.8381529e+000  9.8545735e-001  2.9381988e+000  2.4554075e+000  3.9601466e+000  3.1799065e+000  3.0472035e+000  3.6212393e+000  1.2680249e+000  1.0501106e+000
  2.0000000e+000  4.4785992e+000  3.6644741e+000  2.7836740e+000  2.7799626e+000  2.6618789e+000  3.0391355e+000  3.2483873e+000  4.1510492e+000  1.5600669e+000  3.0742731e+000
  2.0000000e+000  2.3929749e+000  3.1694873e+000  3.0139236e+000  3.4947668e+000  2.8553199e+000  2.2491958e+000  4.4231266e+000  3.7540887e+000  5.3789755e+000  1.5833548e+000
  1.0000000e+000  2.6987183e+000  3.2431728e+000  1.8650187e+000  2.2583100e+000  3.4095229e+000  2.4503829e+000  3.1507168e+000  3.2864451e+000  3.3775525e+000  3.8178269e+000
  2.0000000e+000  2.9975732e+000  3.4578012e+000  3.2072038e+000  2.3780450e+000  2.2676412e+000  1.9135215e+000  2.3679068e+000  4.0355255e+000  3.1334708e+000  3.1907906e+000
  1.0000000e+000  2.4787399e+000  3.4129776e+000  1.7530101e+000  3.8209643e+000  2.8748110e+000  3.3645243e+000  3.7214224e+000  4.4085165e+000  3.3335967e+000  1.0853220e+000
  1.0000000e+000  3.6220020e+000  4.2199664e+000  2.6010972e+000  2.9463768e+000  3.5374072e+000  2.3767696e+000  9.9230597e-001  4.2342930e+000  3.1615326e+000  3.0426904e+000
  1.0000000e+000  1.3180401e+000  2.6462809e+000  4.0218846e+000  2.9122857e+000  3.1363549e+000  2.6686207e+000  3.0964338e+000  4.3070943e+000  3.0113566e+000  1.2668743e+000
  1.0000000e+000  4.1933118e+000  3.7351780e+000  3.5176769e+000  2.5631019e+000  3.5499892e+000  3.1027327e+000  2.3917235e+000  3.5475424e+000  3.1395435e+000  2.6837814e+000
  2.0000000e+000  2.3993676e+000  3.2803307e+000  2.9601803e+000  2.7793727e+000  2.6247733e+000  2.3917794e+000  3.5538218e+000  2.4387240e+000  1.9080855e+000  2.8978860e+000
  2.0000000e+000  3.8679986e+000  5.9508415e+000  2.9152045e+000  3.4854207e+000  2.7011679e+000  2.0207725e+000  5.1073423e+000  3.6523208e+000  3.7432796e+000  2.4991994e+000
  2.0000000e+000  4.4903198e+000  2.8761458e+000  1.6844092e+000  1.3681020e+000  3.2034406e+000  4.3006229e+000  3.3060805e+000  2.3867008e+000  2.5830735e+000  3.9670533e+000
  2.0000000e+000  1.6023287e+000  2.8030672e+000  3.9982502e+000  4.2221763e+000  3.0718339e+000  3.3480105e+000  2.2059488e+000  2.6427197e+000  2.5283291e+000  3.7577225e+000
  2.0000000e+000  3.5171566e+000  3.4627072e+000  4.0264540e+000  2.7827949e+000  3.9780350e+000  2.5927928e+000  4.0046359e+000  2.5836152e+000  4.6633413e+000  2.4357175e+000
  2.0000000e+000  4.1619207e+000  3.9898574e+000  4.0667003e+000  3.1364350e+000  3.5119643e+000  4.0055052e+000  1.5432354e+000  3.6332725e+000  4.1059720e+000  2.2873383e+000
  2.0000000e+000  2.0718623e+000  4.0553409e+000  3.8246412e+000  4.5059781e+000  3.7154433e+000  2.8789252e+000  3.2045281e+000  4.9621053e+000  2.9620124e+000  3.0783729e+000
  2.0000000e+000  3.0904087e+000  3.4384230e+000  1.6562303e+000  3.2378434e+000  2.8935270e+000  2.6708927e+000  2.6736833e+000  2.3279712e+000  4.0142991e+000  1.9134822e+000
  2.0000000e+000  3.6289321e+000  1.7674762e+000  4.2181686e+000  2.4402640e+000  4.1170250e+000  3.0214838e+000  2.4246558e+000  3.0290344e+000  2.5597359e+000  3.2294805e+000
  2.0000000e+000  3.0451783e+000  2.8782072e+000  3.2531343e+000  4.5673211e+000  4.6310804e+000  4.3230857e+000  4.1163037e+000  4.0562052e+000  3.2842430e+000  3.5532521e+000
  2.0000000e+000  4.5226372e+000  2.8486175e+000  9.3400553e-001  4.5957650e+000  2.2297758e+000  3.6671938e+000  1.3498128e+000  4.6639432e+000  1.3016695e+000  1.5225556e+000
  2.0000000e+000  2.8699618e+000  2.4865560e+000  2.4152482e+000  2.2861449e+000  2.3817763e+000  3.7501958e+000  2.9093701e+000  2.4377648e+000  2.1893219e+000  2.4899065e+000
  2.0000000e+000  3.2254518e+000  3.0053349e+000  1.7335857e+000  1.0410370e+000  2.7782558e+000  2.9623161e+000  4.9905631e+000  3.8258056e+000  3.5384894e+000  2.4744458e+000
  2.0000000e+000  2.6385020e+000  2.1932731e+000  3.5686423e+000  2.4519614e+000  2.9770311e+000  2.1871554e+000  4.1520105e+000  5.3107486e+000  4.3502194e+000  2.6924737e+000
  1.0000000e+000  3.9429065e+000  3.0065007e+000  2.3967069e+000  3.6491017e+000  2.8194077e+000  2.8044455e+000  2.3990092e+000  2.6125982e+000  3.5480413e+000  2.9289325e+000
  2.0000000e+000  1.3635575e+000  2.2933665e+000  2.7918060e+000  3.8260929e+000  3.4024197e+000  2.4154776e+000  3.8615440e+000  2.3172080e+000  2.4190190e+000  2.7575960e+000
  1.0000000e+000  1.6510832e+000  4.5585407e+000  2.2202229e+000  4.1429940e+000  2.9267856e+000  2.5969671e+000  1.3989401e+000  3.9586621e+000  3.0449208e+000  1.4907656e+000
  2.0000000e+000  2.5193453e+000  2.4946852e+000  3.7778148e+000  3.4915036e+000  2.1709431e+000  2.4124254e+000  4.2669585e+000  3.6139240e+000  1.0156618e+000  1.1406777e+000
  1.0000000e+000  2.6670304e+000  1.8399337e+000  2.8754115e+000  3.5189551e+000  4.6624787e+000  2.4370723e+000  2.0791156e+000  4.1866065e+000  3.3838212e+000  1.9186190e+000
  2.0000000e+000  4.2806265e+000  3.3733528e+000  5.7996655e+000  3.4052267e+000  3.7097735e+000  7.1849611e-001  3.3397021e+000  2.9059731e+000  2.7289167e+000  3.5195355e+000
  2.0000000e+000  2.1300216e+000  2.7239375e+000  4.5832965e+000  5.1701659e+000  3.6743291e+000  1.8926619e+000  5.4026643e+000  4.2303099e-001  1.8296560e+000  2.2119907e+000
  2.0000000e+000  4.3544235e+000  2.2479547e+000  3.0144128e+000  1.5456856e+000  2.9424022e+000  4.9758706e+000  3.1101258e+000  2.5897788e+000  1.1972359e+000  1.6037099e+000
  2.0000000e+000  4.7292509e+000  1.1795031e+000  1.4634927e+000  4.3914508e+000  3.6926480e+000  2.5624473e+000  2.7818362e+000  5.2822055e+000  2.4744529e+000  3.0962334e+000
  2.0000000e+000  3.7516987e+000  3.7922833e+000  3.5900562e+000  4.0123996e+000  3.7626209e+000  3.2319445e+000  3.3016482e+000  4.2379848e+000  4.3313825e+000  2.0932970e+000
  1.0000000e+000  5.0208159e+000  2.4060185e+000  2.3635926e+000  2.8479385e+000  2.9748137e+000  2.8617626e+000  4.1132635e+000  1.6215047e+000  3.8293961e+000  2.0773263e+000
  2.0000000e+000  1.9552105e+000  1.1842297e+000  2.1638662e+000  3.4031872e+000  3.8926732e+000  2.5150090e+000  3.6531487e+000  1.8898626e+000  4.1258138e+000  5.2911197e+000
  2.0000000e+000  3.6689890e+000  4.0949017e+000  2.9262411e+000  2.9522167e+000  1.8489490e+000  2.0060680e+000  4.0723112e+000  4.0655354e+000  2.4805030e+000  1.5323183e+000
  2.0000000e+000  4.4268540e+000  3.4426039e+000  2.1090147e+000  2.5892040e+000  3.4488740e+000  2.6384058e+000  1.5452289e+000  4.2314984e+000  2.4870351e+000  4.9753667e+000
  2.0000000e+000  2.2765864e+000  2.1071876e+000  2.6476234e+000  3.5240116e+000  4.0483320e+000  3.6544577e+000  8.5657234e-001  5.3702804e+000  2.5672218e+000  2.9531977e+000
  2.0000000e+000  3.3695511e+000  4.3163489e+000  2.7867661e+000  2.4004607e+000  4.4438558e+000  4.3335943e+000  3.5299367e+000  3.3991726e+000  2.9481388e+000  2.6714160e+000
