  2.0000000e+000  2.3951884e+000  1.5439778e+000  1.9575808e+000  3.0709612e+000  2.2851145e+000  2.3748378e+000  3.4759239e+000  1.7469050e+000  3.0118380e+000  3.9173333e+000
  2.0000000e+000  1.4051566e+000  3.4733527e+000  2.0776810e+000  2.5859932e+000  3.5468841e+000  1.9517842e+000  1.8986848e+000  3.1523514e+000  6.8529772e-001  1.9399876e+000
  2.0000000e+000  3.2850138e+000  3.4977723e+000  4.3505436e+000  2.1208366e+000  2.7928807e+000  3.0851775e+000  3.2143767e+000  2.8225545e+000  2.4135098e+000  3.7391880e+000
  2.0000000e+000  3.1009139e+000  2.1769772e+000  1.7603359e+000  8.4425142e-001  2.2673986e+000  2.1955871e+000  2.8983980e+000  2.0467892e+000  2.2146531e+000  2.6922173e+000
  2.0000000e+000  3.2132785e+000  3.5037296e+000  1.6756372e+000  3.5080389e+000  4.9829926e+000  4.2504246e+000  2.9762428e+000  4.4708205e+000  3.8486591e+000  2.4668324e+000
  2.0000000e+000  3.9419616e+000  1.0347363e+000  2.9261295e+000  4.0738095e+000  3.5844547e+000  3.6547447e+000  1.3080198e+000  2.5828871e+000  2.4549134e+000  2.3556603e+000
  2.0000000e+000  3.1806631e+000  1.9996922e+000  2.8245898e+000  3.4683774e+000  1.9018719e+000  2.4005368e+000  3.0351906e+000  1.8399039e+000  2.0271150e+000  1.4908188e+000
  2.0000000e+000  2.2920912e+000  4.5458523e+000  4.0298269e+000  3.9953007e+000  5.5111245e+000  2.1492051e+000  2.0463009e+000  8.4512368e-002  4.3730214e+000  1.1713245e+000
  2.0000000e+000  4.3314009e+000  3.8266957e+000  4.8073479e+000  2.6680183e+000  2.8067965e+000  4.5318828e+000  2.5173863e+000  1.8601651e+000  2.9202572e+000  4.0913431e+000
  2.0000000e+000  2.1870249e+000  2.0231868e+000  1.5049402e+000  3.4189970e+000  2.0424957e+000  9.6985243e-001  3.5044373e+000  3.5934909e+000  2.2487467e+000  2.6867274e+000
  2.0000000e+000  2.8630704e+000  4.9551263e+000  3.1281416e+000  3.6256198e+000  1.5310732e+000  3.0557748e+000  2.4310020e+000  1.7160262e+000  7.7735516e-001  2.9278249e+000
  2.0000000e+000  4.6908428e+000  1.8070861e+000  2.3080298e+000  3.9147960e+000  2.6179266e+000  2.7922683e+000  3.1593644e+000  2.5921467e+000  1.9669140e+000  2.0893304e+000
  2.0000000e+000  3.8975969e+000  4.8997939e+000  3.4757172e+000  1.7289805e+000  2.6630373e+000  3.5621081e+000  3.7717227e+000  1.9174458e+000  2.3687683e+000  3.6434524e+000
  2.0000000e+000  2.6289632e+000  3.0939628e+000  3.1603450e+000  3.9458754e+000  2.2620861e+000  1.5261651e+000  4.4362430e+000  3.6539555e+000  2.0060195e+000  2.4148528e+000
  2.0000000e+000  3.1188926e+000  4.0281112e+000  3.8012041e+000  3.1584178e+000  1.5805003e+000  2.4522363e+000  3.3716300e+000  3.3360741e+000  2.1647461e+000  2.2819875e+000
  1.0000000e+000  3.9492668e+000  2.9861082e+000  2.3856197e+000  1.4124130e+000  2.7715135e+000  3.4330694e+000  4.6412017e+000  2.2965872e+000  3.8592398e+000  3.4312689e+000
  2.0000000e+000  2.8410815e+000  1.9856847e+000  2.1205128e+000  1.9624092e+000  3.9815345e+000  2.5334068e+000  1.9250691e+000  2.6027296e+000  2.7291677e+000  2.7732414e+000
  1.0000000e+000  2.4090846e+000  1.2407768e+000  2.7506936e+000  2.3073284e+000  2.7399859e+000  3.1452141e+000  4.1870674e+000  2.7731068e+000  2.5531061e+000  3.3542106e+000
  2.0000000e+000  2.2281105e+000  3.8537650e+000  2.1614304e+000  2.9187661e+000  4.7860166e+000  2.2613792e+000  2.4100939e+000  3.3032805e+000  2.3538538e+000  3.7916292e+000
  1.0000000e+000  4.1972550e+000  3.0247093e+000  2.6393318e+000  2.4995860e+000  2.7906390e+000  3.9434706e+000  1.7290407e+000  5.6309878e+000  3.7435713e+000  3.0026738e+000
  1.0000000e+000  1.9324619e+000  1.1518369e+000  3.0357044e+000  4.9059066e+000  2.9582924e+000  1.7651263e+000  3.5746255e+000  3.4793038e+000  2.9965037e+000  3.7105798e+000
  2.0000000e+000  3.2946301e+000  2.8853915e+000  2.9906950e+000  1.8748618e+000  3.6101233e+000  2.5285735e+000  4.0413742e+000  3.5746959e+000  3.5651265e+000  4.3748570e+000
  2.0000000e+000  3.8376785e+000  3.7409511e+000  2.6989207e+000  1.5229027e+000  4.6281915e+000  2.3464346e+000  1.6633665e+000  2.3609368e+000  3.5454350e+000  1.5066896e+000
  2.0000000e+000  1.9504181e+000  3.4089002e+000  3.5552224e+000  3.0597654e+000  2.1711877e+000  3.6214750e+000  9.4221297e-001  2.5558234e+000  2.8340038e+000  2.3369055e+000
  2.0000000e+000  3.8102977e+000  1.9069311e+000  2.1270397e+000  2.2216859e+000  3.3480528e+000  3.0126640e+000  3.4775994e+000  3.3439479e+000  7.7511967e-001  3.5616463e+000
  2.0000000e+000  4.3731597e+000  2.0127400e+000  3.8830804e+000  2.1498009e+000  3.6917066e+000  4.0479468e+000  2.9348376e+000  2.6755021e+000  3.5463081e+000  4.2123333e+000
  2.0000000e+000  2.2752499e+000  2.1933535e+000  3.9409801e+000  3.2919149e+000  1.4880471e+000  3.0381008e+000  3.6918233e+000  2.5245283e+000  2.5034666e+000  1.2551622e+000
  2.0000000e+000  2.3350212e+000  2.1875109e+000  3.8169934e+000  2.5353570e+000  1.7869643e+000  2.6898828e+000  2.0564205e+000  3.3326293e+000  6.7492646e-001  4.4975274e+000
  1.0000000e+000  3.2812329e+000  2.3337470e+000  3.9165870e+000  3.2673554e+000  2.8072445e+000  2.6671715e+000  2.3142587e+000  1.4189396e+000  2.9475999e+000  3.2023463e+000
  2.0000000e+000  3.4031352e+000  2.8744731e+000  4.6992198e+000  2.6520815e+000  3.3170926e+000  4.2911750e+000  2.6699170e+000  2.9790065e+000  2.7836398e+000  4.3943474e+000
  2.0000000e+000  1.0727014e+000  2.2524779e+000  3.4909547e+000  2.4908818e+000  3.0458047e+000  2.1384142e+000  4.4368548e+000  4.6189643e+000  4.5820681e+000  4.2983353e+000
  2.0000000e+000  3.8953553e+000  3.3504017e+000  2.6828488e+000  2.5563413e+000  3.9463400e+000  2.3843857e+000  2.8379416e+000  2.5900673e+000  3.7324680e+000  2.6910497e+000
  2.0000000e+000  1.7974295e+000  2.6540931e+000  4.0652046e+000  3.9297648e+000  4.0939297e+000  1.7941315e+000  2.3165434e+000  2.9924158e+000  2.2458148e+000  2.2957332e+000
  2.0000000e+000  1.8925572e+000  3.6504368e+000  3.2383889e+000  1.7876810e+000  3.4082940e+000  2.7566467e+000  2.7777658e+000  1.7248080e+000  3.5005717e+000  2.9307067e+000
  2.0000000e+000  3.4307925e+000  2.7591028e+000  2.6477177e+000  1.4110101e+000  3.2785783e+000  2.7809172e+000  4.0210312e+000  4.1315299e+000  4.9173519e+000  2.7199125e+000
  2.0000000e+000  4.5764807e+000  1.8572134e+000  2.0884366e+000  2.9288043e+000  3.9310001e+000  1.9381072e+000  4.3116963e+000  4.0335432e+000  1.9003643e+000  5.9460742e-001
  2.0000000e+000  1.2322935e+000  4.0459456e+000  3.5212470e+000  4.1348798e+000  3.1520093e+000  2.7349359e+000  1.5844197e+000  4.0002263e+000  2.5394942e+000  4.8137898e+000
  2.0000000e+000  4.8488603e+000  3.0079076e+000  4.4883993e+000  3.0579158e+000  1.0710608e+000  4.4968952e+000  4.4932437e+000  2.3590539e+000  3.9579755e+000  2.9738427e+000
  2.0000000e+000  2.1900379e+000  3.6688207e+000  4.0080429e+000  4.1538165e+000  2.6303753e+000  2.1817800e+000  2.5396690e+000  4.0301193e+000  3.3173617e+000  3.4732083e+000
  2.0000000e+000  3.9724093e+000  3.3261202e+000  1.2756915e+000  2.0122778e+000  2.9646226e+000  6.0557684e+000  2.5591335e+000  4.4001316e+000  3.6095251e+000  2.7282428e+000
  2.0000000e+000  2.8437491e+000  2.7785176e+000  3.5183526e+000  2.6876297e+000  3.2872053e+000  4.2425183e+000  2.8204521e+000  3.1805461e+000  3.0000711e+000  4.0378294e+000
  2.0000000e+000  2.7434276e+000  3.1882330e+000  2.5621539e+000  4.6034051e+000  2.4882802e+000  2.6128583e+000  3.8417653e+000  2.3552813e+000  2.0503628e+000  1.9565949e+000
  2.0000000e+000  3.2141605e+000  1.6375940e+000  3.7311408e+000  4.5453835e+000  2.1353824e+000  1.8103243e+000  1.2492609e+000  2.2718431e+000  2.3988773e+000  3.7714013e+000
  2.0000000e+000  1.7460472e+000  2.9771501e+000  2.3777132e+000  2.1184622e+000  2.7627402e+000  3.6012513e+000  1.6784017e+000  4.4339940e+000  3.6142626e+000  2.7494206e+000
  2.0000000e+000  2.2911537e+000  4.7734069e+000  3.2110557e+000  2.1536309e+000  4.5167802e+000  2.7450539e+000  3.4476569e+000  2.3378007e+000  5.0998852e+000  5.5063301e-001
  2.0000000e+000  1.3955447e+000  2.2491478e+000  1.7144742e+000  3.3802803e+000  1.7894988e+000  1.0108188e+000  2.1461256e+000  3.9254545e+000  1.8405133e+000  3.4649025e+000
  2.0000000e+000  2.7012328e+000  3.2207908e+000  3.1740237e+000  1.7722894e+000  3.4689337e+000  2.3173942e+000  3.5668271e+000  5.4617825e+000  1.0357379e+000  4.2150651e+000
  1.0000000e+000  3.7259279e+000  3.1978621e+000  2.3909267e+000  1.1894289e+000  2.4973144e+000  1.9960201e+000  4.3935119e+000  2.5853507e+000  4.3695146e+000  3.2833201e+000
  2.0000000e+000  2.4973535e+000  1.8937238e+000  3.9070442e+000  3.3588671e+000  4.9815332e+000  3.0446098e+000  1.7358271e+000  2.7688601e+000  2.0846958e+000  1.7989315e+000
  2.0000000e+000  3.2210323e+000  3.5154348e+000  2.7344474e+000  2.1107905e+000  2.9251709e+000  3.2071066e+000  2.0213238e+000  2.9700366e+000  1.4457029e+000  2.6288517e+000
  2.0000000e+000  2.7724660e+000  2.2462972e+000  1.8549966e+000  2.3801240e+000  2.5816583e+000  3.3167204e+000  2.4135190e+000  2.7242248e+000  5.6980083e+000  1.9523547e+000
  1.0000000e+000  2.1423791e+000  2.4885110e+000  3.4099485e+000  3.3927848e+000  2.5950330e+000  4.2764046e+000  3.7192411e+000  3.8499367e+000  3.3174423e+000  3.3504770e+000
  1.0000000e+000  1.4462246e+000  2.8236981e+000  3.7771716e+000  3.8547004e+000  3.7353352e+000  4.1890081e+000  2.8053646e+000  2.8369160e+000  3.1460787e+000  3.5295652e+000
  2.0000000e+000  3.5690950e+000  3.4563199e+000  2.0058400e+000  2.1712554e+000  1.8498338e+000  4.3421069e+000  2.8110866e+000  2.8178137e+000  3.3819319e+000  1.6116510e+000
  2.0000000e+000  2.9524849e+000  2.6531202e+000  4.5268654e+000  3.6961278e+000  2.8997403e+000  1.1401190e+000  3.8582665e-001  1.8293800e+000  3.3879712e+000  1.9913924e+000
  2.0000000e+000  2.8216318e+000  2.2194014e+000  3.7747537e+000  1.3759662e+000  3.5034154e+000  3.4164697e+000  3.1187814e+000  4.8097346e+000  4.8199374e+000  3.6401394e+000
  2.0000000e+000  1.8098953e+000  3.0148778e+000  2.4083715e+000  3.2903498e+000  1.7812296e+000  2.3795621e+000  4.2383929e+000  2.0263726e+000  4.6090740e+000  1.3648252e+000
  2.0000000e+000  2.6843568e+000  2.8723296e+000  3.2402668e+000  2.4285242e+000  3.0329798e+000  2.0988974e+000  2.8477498e+000  3.7119557e+000  2.3252493e+000  2.1293266e+000
  2.0000000e+000  3.8298263e+000  3.3033321e+000  3.6900093e+000  2.1180335e+000  2.8218216e+000  4.0060461e+000  2.4758217e+000  2.1721642e+000  3.5601453e+000  2.8060976e+000
  2.0000000e+000  2.7625437e+000  2.4580208e+000  2.4494071e+000  3.8681371e+000  5.0146596e+000  1.4830825e+000  3.1352171e+000  3.3198493e+000  4.5170406e+000  2.0528286e+000
  2.0000000e+000  2.9568653e+000  2.3583826e+000  1.8068444e+000  3.7264299e+000  4.2989715e+000  2.9727253e+000  1.1324694e+000  2.0631257e+000  3.0254800e+000  4.8829966e+000
  2.0000000e+000  2.0237255e+000  2.5556041e+000  2.6201991e+000  3.2424741e+000  3.4441761e+000  5.6950056e+000  3.2161593e+000  1.2104349e+000  2.1951671e+000  2.3625138e+000
  1.0000000e+000  3.6923599e+000  1.8129805e+000  2.8258542e+000  3.2091989e+000  4.6633240e+000  3.4160137e+000  2.6997678e+000  2.3541067e+000  3.4371265e+000  3.2424832e+000
  2.0000000e+000  3.0966453e+000  4.3949499e+000  3.1140698e+000  2.9814489e+000  2.6034139e+000  2.4856219e+000  2.6341199e+000  1.2353239e+000  2.6717293e+000  2.6183581e+000
  1.0000000e+000  2.8582725e+000  2.8265685e+000  3.0267495e+000  3.2889296e+000  3.4124816e+000  2.3435546e+000  2.4155098e+000  3.1003602e+000  3.2744160e+000  3.2327329e+000
  1.0000000e+000  2.3321524e+000  3.1789554e+000  2.0050763e+000  2.1750626e+000  3.3153611e+000  3.1670832e+000  1.6867358e+000  4.3629427e+000  3.4146226e+000  3.0888685e+000
  2.0000000e+000  3.4889314e+000  1.9456061e+000  3.4416565e+000  1.1814219e+000  2.6503360e+000  2.5196120e+000  2.7180579e+000  2.3365413e+000  4.0677108e+000  2.0189333e+000
  2.0000000e+000  2.7698830e+000  4.1078725e+000  3.9909016e+000  3.8942010e+000  4.1444787e+000  2.0868637e+000  2.0266623e+000  3.8527866e+000  2.7431122e+000  3.9217949e+000
  1.0000000e+000  4.1803219e+000  2.5839193e+000  2.5730218e+000  2.0070222e+000  4.2329511e+000  2.5295898e+000  3.0704109e+000  2.6596682e+000  2.4650437e+000  3.1955695e+000
  2.0000000e+000  3.1641485e+000  9.0426362e-001  2.3086126e+000  4.9151668e+000  2.4649803e+000  2.2117338e+000  4.1052185e+000  2.4894808e+000  3.2391203e+000  4.5496693e+000
  2.0000000e+000  2.8309813e+000  3.2680619e+000  3.2308901e+000  1.5460290e+000  2.7317661e+000  5.3899795e+000  5.5812006e+000  2.5210665e+000  5.5645995e+000  2.2892071e+000
  2.0000000e+000  4.0894883e+000  5.8265041e-001  3.3072974e+000  2.4274707e+000  2.2211382e+000  3.4677798e+000  2.7602178e+000  4.7950095e+000  2.3532518e+000  2.0151326e+000
  2.0000000e+000  4.0013060e+000  3.4416084e+000  4.6777154e+000  2.2839599e+000  3.4125893e+000  2.1091416e+000  3.7434229e+000  3.2064063e+000  1.9664232e+000  4.6395826e+000
  2.0000000e+000  3.9308053e+000  3.1829422e+000  1.8061048e-001  3.4420318e+000  1.8028975e+000  2.5941812e+000  1.9412764e+000  3.6910943e+000  4.3092994e+000  4.2513244e+000
  2.0000000e+000  2.7475714e+000  3.4400385e+000  4.7674944e+000  7.9772091e-001  2.9787506e+000  1.6377939e+000  3.1297657e+000  2.3519034e+000  2.4644937e+000  3.3709388e+000
  2.0000000e+000  4.1570192e+000  3.9458133e+000  3.1741647e+000  4.0350808e+000  2.0302424e+000  3.5950554e+000  3.5504204e+000  4.0700469e+000  2.8491826e+000  2.8483133e+000
  2.0000000e+000  4.5628369e+000  3.3478858e+000  2.9619025e+000  3.6304110e+000  4.1838651e+000  4.3587888e+000  4.0597612e+000  3.0965772e+000  2.6731172e+000  4.2495834e-001
  1.0000000e+000  2.5003239e+000  2.3149448e+000  2.6990679e+000  9.7748638e-001  2.0696838e+000  2.4069832e+000  3.0509703e+000  2.1590293e+000  2.8023171e+000  3.5946482e+000
  2.0000000e+000  2.2317999e+000  3.2390029e+000  2.6301177e+000  4.0488039e+000  3.0825869e+000  4.1946402e+000  2.9010975e+000  2.9176291e+000  2.7105189e+000  3.9413563e+000
  2.0000000e+000  3.5388404e+000  2.3057092e+000  2.1307320e+000  2.7056525e+000  3.1306146e+000  3.1253551e+000  3.7210380e+000  3.3799016e+000  3.4438905e+000  1.5232633e+000
  2.0000000e+000  4.2176824e+000  4.3361600e+000  2.0889904e+000  2.6832851e+000  3.2988943e+000  3.1174401e+000  2.8769518e+000  2.6127037e+000  2.3547472e+000  2.8416380e+000
  2.0000000e+000  1.5423541e+000  2.5135471e+000  4.0442855e+000  3.3040687e+000  3.2840926e+000  3.2792273e+000  3.2132847e+000  3.8712777e+000  3.1243841e+000  2.4108431e+000
  2.0000000e+000  5.2613305e-001  1.8777836e+000  3.0581033e+000  2.8680772e+000  2.6561272e+000  4.8660731e+000  2.6908580e+000  3.9447293e+000  4.7671493e+000  1.8192084e+000
  1.0000000e+000  3.9273217e+000  4.1433360e+000  3.6535982e+000  3.0813271e+000  4.4042014e+000  2.1281546e+000  8.9430938e-001  3.1319028e+000  3.4604436e+000  3.4240466e+000
  2.0000000e+000  1.9588838e+000  2.6648633e+000  1.8505345e+000  4.2161377e+000  2.1891654e+000  3.2652190e+000  1.7338693e+000  8.4838804e-001  4.3424924e+000  8.6346324e-001
  2.0000000e+000  3.1503026e+000  1.0280121e+000  2.0630439e+000  3.0567051e+000  5.9994797e+000  3.2069570e+000  4.4676422e+000  3.6898285e+000  3.6477270e+000  2.2952497e+000
  2.0000000e+000  3.1779907e+000  3.4917248e+000  3.1325797e+000  1.8810245e+000  4.9038654e+000  1.6453120e+000  1.2282258e+000  2.1501949e+000  2.0975071e+000  4.3107405e+000
  2.0000000e+000  2.0407917e+000  4.6047144e+000  2.7696136e+000  2.8078446e+000  3.9163526e+000  2.5493168e+000  2.8302359e+000  3.8699947e+000  2.1306513e+000  2.4880756e+000
  2.0000000e+000  3.3610210e+000  3.9566770e+000  1.6584224e+000  4.4176010e+000  3.9408828e+000  3.3568554e+000  1.3024144e+000  2.6259819e+000  2.9559936e+000  2.6888134e+000
  2.0000000e+000  3.2151138e+000  2.7426768e+000  4.3596740e+000  3.4351422e+000  2.3314976e+000  3.6156790e+000  3.9200665e+000  4.0555620e+000  2.5449574e+000  4.2957464e+000
  1.0000000e+000  2.6108990e+000  3.6415002e+000  3.0845602e+000  3.8200605e+000  2.9990970e+000  2.9605391e+000  2.8557575e+000  2.4634104e+000  4.4554928e+000  3.4189833e+000
  2.0000000e+000  3.5195932e+000  3.0092602e+000  3.5746875e+000  2.3747090e+000  3.2174055e+000  2.2841554e+000  3.8141282e+000  2.2882138e+000  5.2212342e+000  1.1132190e+000
  2.0000000e+000  1.6035045e+000  3.8997358e+000  3.1977153e+000  2.9599648e+000  3.1533344e+000  3.9084882e+000  3.2436097e+000  3.0786074e+000  4.3674783e+000  4.2547253e+000
  2.0000000e+000  2.2094259e+000  3.2570493e+000  3.8615424e+000  4.8310090e+000  3.2023433e+000  3.5222861e+000  3.3406615e+000  2.9298345e+000  1.0515141e+000  2.5567963e+000
  2.0000000e+000  3.0903030e+000  4.7860141e+000  4.5567446e+000  3.3544844e+000  3.0880208e+000  2.9316652e+000  3.8666864e+000  3.0238777e+000  4.0966737e+000  3.5628047e+000
  2.0000000e+000  3.6398768e+000  3.1822323e+000  3.7256783e+000  3.6091199e+000  2.9514884e+000  1.8596471e+000  2.5903528e+000  2.2019406e+000  2.9801203e+000  3.8843335e+000
  2.0000000e+000  4.2480695e+000  2.6593507e+000  3.9821748e+000  2.4115954e+000  2.7580340e+000  2.2476920e+000  1.7081053e+000  1.9753359e+000  8.7109865e-001  1.7652363e+000
  2.0000000e+000  1.6076695e+000  5.9882609e+000  2.7665599e+000  2.6155299e+000  1.6841587e+000  1.8009693e+000  3.8223331e+000  2.6397026e+000  2.7298576e+000  2.6207117e+000
  2.0000000e+000  2.1147628e+000  2.7760713e+000  1.4204775e+000  3.4917934e+000  2.5636899e+000  3.4125890e+000  3.1409664e+000  4.9079978e+000  3.1763981e+000  2.8103852e+000
  1.0000000e+000  4.1616552e+000  3.6889671e+000  2.4130043e+000  1.8272066e+000  3.2838749e+000  2.4657546e+000  3.1887218e+000  3.6725025e+000  3.1243875e+000  3.1999561e+000
