  1.0000000e+000  5.3503064e+000  5.4311114e+000  4.1238313e-001  3.1745798e+000  3.0162521e+000  3.9014424e+000  3.6789810e+000  4.0125675e+000  4.6194022e+000  3.2013763e+000
  1.0000000e+000  1.7254664e+000  3.7930789e+000  3.7279924e+000  2.2016963e+000  3.3413591e+000  2.1542407e+000  4.1186984e+000  3.7050169e+000  2.7117835e+000  2.7956811e+000
  2.0000000e+000  2.4377087e+000  4.7295276e+000  4.7736505e+000  8.4123686e-001  3.5744037e+000  2.6613489e+000  2.7092097e+000  2.8959483e+000  2.3352340e+000  3.0886538e+000
  2.0000000e+000  3.4298301e+000  1.8562978e+000  3.3384653e+000  4.0860438e+000  3.9170995e+000  9.1936673e-001  2.7237178e+000  2.7062955e+000  2.5530223e+000  2.5831461e+000
  2.0000000e+000  2.9314015e+000  5.0787286e+000  2.3512820e+000  1.5847617e+000  2.6883958e+000  4.3129136e+000  4.5580571e+000  2.6325220e+000  4.6260937e+000  4.8709511e+000
  2.0000000e+000  4.0405186e+000  2.6099008e+000  2.8853681e+000  2.1771979e+000  2.7944713e+000  1.4607935e+000  3.5852017e+000  3.4803371e+000  4.6029551e+000  3.8494074e+000
  2.0000000e+000  3.9308545e+000  1.7117459e+000  3.8812542e+000  3.3705584e+000  1.9104291e+000  3.7405564e+000  3.4910300e+000  2.4364638e+000  3.8159417e+000  3.7608832e+000
  2.0000000e+000  3.8298948e+000  3.3242337e+000  4.8090598e+000  2.8242858e+000  2.7916450e+000  4.6521872e+000  2.4499969e+000  4.2151595e+000  2.9570103e+000  2.8047690e+000
  2.0000000e+000  2.2789398e+000  2.2903844e+000  3.5392786e+000  2.5473552e+000  2.1784823e+000  4.7067363e+000  3.5267094e+000  2.3820680e+000  3.4384602e+000  5.7777242e+000
  2.0000000e+000  3.0077611e+000  3.3396252e+000  4.6925022e+000  2.3487159e+000  1.7843058e+000  2.9463160e+000  3.6261816e+000  4.0039319e+000  3.6358708e+000  2.2942021e+000
  2.0000000e+000  2.8010020e+000  3.5469905e+000  3.9473572e+000  4.5754644e+000  3.2384167e+000  5.3750185e+000  3.2704357e+000  3.9169043e+000  3.0814190e+000  2.4247266e+000
  2.0000000e+000  3.0029317e+000  3.0749668e+000  3.7923445e+000  3.9851582e+000  2.4391666e+000  3.1332449e+000  4.5559186e+000  1.5802237e+000  2.3353201e+000  3.4123762e+000
  1.0000000e+000  3.4404392e+000  5.8639862e+000  5.0734617e+000  3.6112164e+000  3.2782146e+000  1.9631016e+000  3.5341502e+000  3.2422745e+000  3.5485415e+000  2.8664043e+000
  1.0000000e+000  5.3469502e+000  3.5107306e+000  2.3567480e+000  2.5398947e+000  3.0452362e+000  3.1859564e+000  2.6521605e+000  3.0631780e+000  1.0713250e+000  3.2757437e+000
  2.0000000e+000  4.4909725e+000  2.8168787e+000  2.9044053e+000  4.2550555e+000  2.7218169e+000  3.3171654e+000  3.4042517e+000  2.6500809e+000  3.7218560e+000  4.9265797e-001
  2.0000000e+000  9.1070828e-001  2.2230664e+000  4.0717224e+000  3.3311272e+000  2.6775525e+000  4.0062796e+000  4.5261279e+000  2.8552111e+000  1.6335441e+000  3.4534980e+000
  1.0000000e+000  2.6472531e+000  1.4221793e+000  4.7216015e+000  3.7644378e+000  3.3712168e+000  3.6170659e+000  2.6021253e+000  2.8923149e+000  3.8792596e+000  3.2633293e+000
  1.0000000e+000  2.1995329e+000  3.8945564e+000  1.0297902e+000  2.4862978e+000  3.5174509e+000  4.2914049e+000  2.5939531e+000  2.8305805e+000  2.5115703e+000  3.6411665e+000
  1.0000000e+000  1.3659978e+000  2.7190043e+000  2.3958972e+000  3.3493008e+000  3.3461143e+000  3.7649990e+000  3.8717990e+000  3.4998865e+000  2.2614621e+000  2.6985502e+000
  2.0000000e+000  2.7491851e+000  3.7935032e+000  2.6540541e+000  4.8019195e+000  3.4163196e+000  2.1272010e+000  2.9198816e+000  4.3202094e+000  3.8691861e+000  9.9268572e-001
  2.0000000e+000  2.7549017e+000  3.2354273e+000  2.2744886e+000  3.3189057e+000  2.2733410e+000  4.0356147e+000  5.1118347e+000  4.1731246e+000  3.7427933e+000  2.9224011e+000
  2.0000000e+000  3.9533270e+000  4.0102632e+000  2.2759489e+000  5.4371650e+000  3.2410930e+000  2.2523488e+000  3.0450505e+000  1.1917414e+000  2.1628088e+000  3.9573657e+000
  2.0000000e+000  2.7153747e+000  2.5539362e+000  3.8645701e+000  3.0590480e+000  4.2299342e+000  2.6116248e+000  3.5455975e+000  2.4324024e+000  3.3175911e+000  3.1351095e+000
  1.0000000e+000  3.0930579e+000  2.3253582e+000  1.2500689e+000  2.4898160e+000  3.3077660e+000  2.7482166e+000  3.5145783e+000  2.3745882e+000  3.8632204e+000  2.0672867e+000
  2.0000000e+000  2.8469836e+000  3.7540446e+000  4.0599707e+000  5.6010641e+000  1.9618775e+000  3.2385976e+000  2.0689901e+000  3.5652806e+000  2.7923277e+000  1.1666803e+000
  2.0000000e+000  4.1854751e+000  9.3146762e-001  3.6396902e+000  2.0311110e+000  4.0298456e+000  3.1591932e+000  4.8761958e+000  2.3969521e+000  2.0300156e+000  2.0047737e+000
  2.0000000e+000  3.2407020e+000  2.7867494e+000  2.9632336e+000  4.3638464e+000  1.4661338e+000  3.2885101e+000  3.8767487e+000  3.0235336e+000  3.4508825e+000  1.0514112e+000
  2.0000000e+000  2.1528426e+000  4.2418989e+000  2.2942774e+000  1.8382000e+000  3.6421831e+000  4.4559842e+000  3.5518792e+000  4.4989961e+000  3.5004064e+000  3.0908619e+000
  2.0000000e+000  5.0511591e+000  1.5527703e+000  2.4421895e+000  1.1937859e+000  3.3995175e+000  5.0778410e-001  4.8415619e+000  2.1890406e+000  2.5824009e+000  1.2683600e+000
  2.0000000e+000  2.1914030e+000  3.3777673e+000  3.3697394e+000  2.8429950e+000  2.9311353e+000  1.8755383e+000  2.4522366e+000  2.3826895e+000  4.7282017e+000  3.2392830e+000
  1.0000000e+000  3.7086207e+000  2.5555009e+000  3.0042919e+000  3.4874564e+000  3.6967767e+000  1.8939428e+000  3.6993835e+000  3.9513946e+000  3.7129116e+000  4.2961092e+000
  2.0000000e+000  2.8599429e+000  3.1632724e+000  1.4449561e+000  3.2831944e+000  2.5733095e+000  4.2017795e+000  3.7781092e+000  1.6885069e+000  2.9963509e+000  4.1127138e+000
  2.0000000e+000  3.4544162e+000  2.9030426e+000  4.1340668e+000  2.4653113e+000  2.4664726e+000  1.6071062e+000  2.1130208e+000  2.2487537e+000  3.8614693e+000  2.8504349e+000
  2.0000000e+000  4.0224253e+000  4.1745779e+000  4.0810824e+000  3.4382332e+000  2.5797391e+000  4.5163627e+000  3.6973307e+000  2.1230193e+000  2.8696909e+000  3.1611478e+000
  2.0000000e+000  1.8872478e+000  3.5690801e+000  1.9091980e+000  3.5526769e+000  2.6292390e+000  2.5305253e+000  3.8541033e+000  3.0532156e+000  2.4579256e+000  2.6326739e+000
  1.0000000e+000  3.2369056e+000  1.3922178e+000  3.0480773e+000  2.5377535e+000  3.5096419e+000  4.6013003e+000  1.4715274e+000  4.4572224e+000  3.8864583e+000  3.1695660e+000
  2.0000000e+000  4.1805038e+000  2.3055880e+000  2.0116540e+000  5.5361759e+000  2.9608129e+000  4.7375965e+000  4.1070596e+000  3.2032304e+000  5.7403618e+000  3.3578448e+000
  2.0000000e+000  3.8600896e+000  2.4070768e+000  3.7550616e+000  4.2566208e+000  2.4698811e+000  3.2109210e+000  3.7986521e+000  4.4675512e+000  2.4785342e+000  2.7076456e+000
  2.0000000e+000  3.3257010e+000  2.3682884e+000  3.8678810e+000  3.9564458e+000  2.8195845e+000  2.8276725e+000  4.1261599e+000  4.0648853e+000  3.6214319e+000  3.3566981e+000
  2.0000000e+000  1.6763674e+000  3.7671404e+000  3.9105025e+000  2.4401417e+000  2.5463854e+000  2.4522086e+000  3.3371529e+000  3.2199274e+000  1.3603930e+000  2.2137208e+000
  2.0000000e+000  2.6274566e+000  2.9916730e+000  1.6203896e+000  3.8227921e+000  2.5513071e+000  4.6267158e+000  3.3523096e+000  4.1562638e+000  3.6507836e+000  3.5623391e+000
  1.0000000e+000  2.1785941e+000  2.3735280e+000  1.0136065e+000  2.8305737e+000  3.0403848e+000  2.2688490e+000  3.2754984e+000  3.4895669e+000  2.4977338e+000  2.7476614e+000
  2.0000000e+000  3.0158360e+000  5.8245131e-001  3.4120378e+000  2.9292944e+000  2.7342544e+000  2.7448121e+000  3.5439290e+000  2.9179865e+000  2.5664264e+000  2.0122612e+000
  2.0000000e+000  2.4550191e+000  2.9716266e+000  3.6349634e-001  4.0058905e+000  1.3189226e+000  4.4535232e+000  3.9520707e+000  4.3436841e+000  3.4499076e+000  4.0320986e+000
  2.0000000e+000  2.5906387e+000  1.5098569e+000  2.8594772e+000  4.0992205e+000  3.6660907e+000  2.6107771e+000  4.1171172e+000  4.2751927e+000  2.8398567e+000  2.7873527e+000
  2.0000000e+000  1.8204275e+000  3.1685246e+000  3.0016844e+000  1.8898844e+000  3.5915011e+000  3.0898880e+000  1.3858405e+000  3.6410394e+000  3.0470928e+000  2.8139614e+000
  2.0000000e+000  4.8102901e+000  2.0826450e+000  2.3125827e+000  2.2800443e+000  2.6852865e+000  3.5815134e+000  3.7733380e+000  1.8141253e+000  4.6800916e+000  3.1346399e+000
  1.0000000e+000  4.3696516e+000  1.4826959e+000  3.1703585e+000  2.3550931e+000  3.3049273e+000  2.3309681e+000  3.1842205e+000  2.6867870e+000  3.6984415e+000  4.5411502e+000
  2.0000000e+000  3.8211212e+000  4.0949829e+000  2.2864760e+000  2.7554525e+000  4.0594396e+000  4.3304888e+000  4.8870206e+000  2.8373549e+000  1.3039250e+000  1.9414236e+000
  2.0000000e+000  3.3848646e+000  2.1904764e+000  3.3806403e+000  1.7132793e+000  4.1889237e+000  2.9811376e+000  1.3346699e+000  3.8995770e+000  3.1067839e+000  3.4946903e+000
  2.0000000e+000  3.5900232e+000  3.6414328e+000  2.3517586e+000  3.2461289e+000  8.6641672e-001  3.4982790e+000  3.8967016e+000  2.3315406e+000  3.0577493e+000  2.2769191e+000
  1.0000000e+000  2.4642799e+000  4.2847194e+000  3.5597880e+000  3.1170803e+000  3.9107299e+000  2.4653370e-001  3.1480650e+000  2.0766821e+000  1.8065167e+000  1.8056855e+000
  1.0000000e+000  1.8372253e+000  2.4806733e+000  2.6925335e+000  2.7985277e+000  3.5413641e+000  3.3409287e+000  2.3743177e+000  4.0737313e+000  4.1597095e+000  3.6935277e+000
  2.0000000e+000  2.0126595e+000  2.7702917e+000  2.7777741e+000  2.5919993e+000  2.7101111e+000  4.1182579e+000  3.7167602e+000  3.3660812e+000  2.4881363e+000  3.2032272e+000
  2.0000000e+000  3.4003050e+000  1.1328454e+000  3.6571743e+000  2.8001459e+000  2.5669267e+000  1.9919650e+000  4.2573546e+000  2.9214700e+000  3.4736357e+000  2.1991191e+000
  2.0000000e+000  3.7757655e+000  2.5859611e+000  1.5551512e+000  3.4880780e+000  2.7868004e+000  2.0116587e+000  3.5034015e+000  1.5950239e+000  3.0841612e+000  4.4648096e+000
  2.0000000e+000  1.5677157e+000  4.3578642e+000  1.4034600e+000  3.8231541e+000  2.9339501e+000  3.5505415e+000  2.8145296e+000  3.5436422e+000  4.3558149e+000  2.6433603e+000
  2.0000000e+000  3.8506417e+000  2.3393874e+000  2.1348377e+000  3.7838729e+000  4.6274763e+000  3.6824256e+000  2.0133246e+000  1.7256791e+000  3.5197720e+000  1.6912803e+000
  2.0000000e+000  3.9149105e+000  3.0519322e+000  1.7238048e+000  2.8121732e+000  4.2574821e+000  1.5416213e+000  3.4703939e+000  2.7121460e+000  3.1062730e+000  1.3742637e+000
  2.0000000e+000  3.4515248e+000  2.0043590e+000  3.7966569e+000  2.2549527e-001  1.1894464e+000  3.9781004e+000  3.7351101e+000  4.8005833e+000  3.1385097e+000  2.1019849e+000
  2.0000000e+000  3.6321709e+000  2.2655113e+000  4.2636769e+000  1.7050130e+000  1.3113868e+000  1.6361595e+000  4.1155568e+000  1.4088055e+000  3.0607909e+000  1.8068969e+000
  2.0000000e+000  4.2165239e+000  4.2745724e+000 -2.7763785e-001  1.2872128e+000  2.3716116e+000  2.7680843e+000  4.8182754e+000  2.0680171e+000  1.4518657e+000  1.9487333e+000
  2.0000000e+000  1.4882678e+000  2.8291886e+000  3.1911413e+000  2.6940126e+000  2.6056844e+000  3.3425450e+000  2.6240612e+000  1.0951197e+000  3.6144926e+000  3.4169131e+000
  2.0000000e+000  3.8253130e+000  1.7295605e+000  2.9553587e+000  2.3909911e+000  2.7000467e+000  2.2673441e+000  2.2092128e+000  3.7653893e+000  2.7179327e+000  2.8263196e+000
  1.0000000e+000  3.9867280e+000  2.3365316e+000  3.3167764e+000  3.5643158e+000  3.5987982e+000  1.4484731e+000  4.5172537e+000  4.7974554e+000  2.8303283e+000  3.7849659e+000
  2.0000000e+000  2.8558986e+000  2.6227105e+000  3.5066910e+000  3.3104067e+000  2.8511725e+000  3.9260908e+000  4.5051833e+000  2.3248816e+000  2.6081905e+000  2.7677030e+000
  1.0000000e+000  4.3331218e+000  2.7823886e+000  2.5813702e+000  3.1980201e+000  3.6227465e+000  2.1505846e+000  2.6407251e+000  3.3688519e+000  3.3435420e+000  1.7089670e+000
  2.0000000e+000  4.1851306e+000  3.1333428e+000  2.5868615e+000  4.3432139e+000  4.7546444e+000  1.1775798e+000  4.4813576e+000  2.8538968e+000  4.4959204e+000  2.9427611e+000
  1.0000000e+000  3.2763390e+000  3.9947027e+000  2.6850757e+000  2.9272160e+000  3.2932788e+000  3.3252236e+000  1.7941561e+000  4.4845207e+000  2.4351036e+000  4.6385090e+000
  2.0000000e+000  3.3562353e+000  4.3356007e+000  3.6586332e+000  2.6557882e+000  3.6735249e+000  4.5719590e+000  3.2304035e+000  1.0100715e+000  3.8981851e+000  3.2069734e+000
  2.0000000e+000  3.2418365e+000  1.8090005e+000  4.2212775e+000  9.5229765e-001  3.3972349e+000  3.5201429e+000  2.2311305e+000  4.5966226e+000  6.0172538e-001  4.5255088e+000
  2.0000000e+000  3.6382378e+000  4.1218048e+000  3.9326198e+000  4.1482226e+000  2.3738975e+000  3.5443670e+000  2.7711342e+000  3.2200623e+000  4.1248117e+000  1.8981929e+000
  2.0000000e+000  2.7972597e+000  1.9782748e+000  2.4473158e+000  4.3613102e+000  3.2662122e+000  2.6709438e+000  3.1746387e+000  3.9095751e+000  3.2059237e+000  2.7079350e+000
  1.0000000e+000  3.4109360e+000  2.0986895e+000  3.5141701e+000  3.9574810e+000  3.0095799e+000  4.0146448e+000  4.0424023e+000  4.8048946e+000  2.6537810e+000  4.5596126e+000
  2.0000000e+000  2.0170639e+000  2.1158772e+000  2.4337716e+000  3.7313283e+000  4.0021608e+000  1.1391706e+000  4.4169478e+000  3.0298534e+000  3.5162880e+000  2.3196781e+000
  2.0000000e+000  3.4901805e+000  3.8337944e+000  3.6957825e+000  2.5765594e+000  4.5250652e+000  3.7123363e+000  3.3858060e+000  2.4169421e+000  2.5291837e+000  3.8527340e+000
  2.0000000e+000  3.1007573e+000  2.9759384e+000  4.3670994e+000  3.3515310e+000  2.6100399e+000  3.2090858e+000  4.1331492e+000  2.9923040e+000  4.5877893e+000  2.5147864e+000
  2.0000000e+000  2.3407947e+000  3.5414132e+000  2.0106187e+000  2.5421060e+000  2.1736801e+000  3.9431613e+000  3.7281397e+000  3.0193931e+000  3.5693597e+000  3.3217487e+000
  2.0000000e+000  3.1223583e+000  3.7455461e+000  3.2930218e+000  4.6732952e+000  2.5135091e+000  4.4099497e+000  3.5055531e+000  3.0710492e+000  3.3445913e+000  3.9708972e+000
  2.0000000e+000  2.5031646e+000  3.4908566e+000  2.9725695e+000  5.9197508e-001  1.9397188e+000  3.0663394e+000  1.2394567e+000  1.5363804e+000  3.3172919e+000  1.6248053e+000
  2.0000000e+000  3.5273900e+000  4.6434952e+000  3.0389170e+000  2.2932303e+000  2.6500235e+000  1.9081739e+000  4.2935241e+000  3.6885903e+000  2.4252969e+000  5.5486491e+000
  2.0000000e+000  1.8960562e+000  1.4496905e+000  1.9614232e+000  3.8611466e+000  2.8509964e+000  1.9959099e+000  2.7530086e+000  2.1752107e+000  5.6808914e+000  2.9576443e+000
  1.0000000e+000  1.5055177e+000  4.3015823e+000  3.7713581e+000  2.8224597e+000  3.0459167e+000  2.9772934e+000  9.5339878e-001  2.0208601e+000  3.1258317e+000  1.1486453e+000
  1.0000000e+000  1.6374795e+000  3.6095530e+000  2.3275520e+000  2.5978472e+000  3.4194599e+000  3.7188865e+000  3.7002422e+000  2.1704377e+000  3.5669954e+000  3.3306326e+000
  2.0000000e+000  2.9264213e+000  1.4150375e+000  3.2168184e+000  4.2685509e+000  2.9372814e+000  3.2895793e+000  3.1949024e+000  2.5955226e+000  4.3289500e+000  3.0279131e+000
  2.0000000e+000  3.3633656e+000  1.7785870e+000  3.4766094e+000  3.4169364e+000  2.6460039e+000  2.3751356e+000  2.9876114e+000  3.3842566e+000  1.3818344e+000  4.0404393e+000
  2.0000000e+000  3.9796676e+000  2.5154695e+000  2.0608682e+000  3.1717166e+000  2.3401999e+000  4.5130592e+000  4.0896508e+000  4.3399008e+000  4.5430416e+000  5.3890779e+000
  2.0000000e+000  1.8651388e+000  3.9302918e+000  2.3076064e+000  2.0616841e+000  3.9054178e+000  9.9411138e-001  3.2511482e+000  1.3557383e+000  4.6667221e+000  4.2657073e+000
  2.0000000e+000  2.4790163e+000  3.1895567e+000  4.1923727e+000  2.3880380e+000  4.0291598e+000  2.9696241e+000  4.1999777e+000  2.9165621e+000  3.7299919e+000  2.1502712e-001
  1.0000000e+000  1.9597578e+000  4.0802942e+000  1.4986895e+000  2.4420909e+000  3.8206771e+000  1.5955544e+000  2.0098802e+000  1.4940402e+000  2.6932472e+000  2.6561112e+000
  1.0000000e+000  2.0207107e+000  3.6438911e+000  1.2643901e+000  2.9683295e+000  3.2447819e+000  2.0118717e+000  3.6357173e+000  1.9191542e+000  2.9470762e+000  3.4194693e+000
  1.0000000e+000  1.8290456e+000  2.8301955e+000  3.0557326e+000  2.4280197e+000  3.4067035e+000  3.4218942e+000  3.8678469e+000  4.0002213e+000  3.1291926e+000  3.6291393e+000
  1.0000000e+000  2.8486177e+000  2.8032298e+000  2.0626377e+000  3.8304190e+000  3.0826477e+000  2.9480397e+000  2.7161021e+000  2.1909721e+000  1.9341787e+000  3.9192198e+000
  1.0000000e+000  3.5989207e+000  2.9621829e+000  3.3770530e+000  3.3133246e+000  3.2650493e+000  3.1330729e+000  2.7230487e+000  1.3125567e+000  2.8777967e+000  2.9001820e+000
  2.0000000e+000  2.6637952e+000  3.0435917e+000  4.1991984e+000  2.1122400e+000  1.9247042e+000  3.2876927e+000  2.8485199e+000  1.8962775e+000  2.2768148e+000  3.1668231e+000
  1.0000000e+000  3.7386834e+000  4.1045889e+000  3.4074007e+000  2.4921373e+000  3.4478755e+000  2.6763707e+000  5.5227546e-001  3.8911519e+000  1.1498894e+000  3.1650757e+000
  2.0000000e+000  3.7798769e+000  1.4568002e+000  3.8404016e+000  2.8585017e+000  2.0782724e+000  1.5386886e+000  2.6320306e+000  2.0774138e+000  4.1807931e+000  5.5678361e+000
  2.0000000e+000  2.5720429e+000  2.5243373e+000  3.3298245e+000  2.4867896e+000  4.3128627e+000  2.0426274e+000  4.1113213e+000  5.7049135e+000  1.8935632e+000  1.9667738e+000
  2.0000000e+000  3.0080355e+000  1.2783810e+000  2.2919438e+000  7.6602183e-001  3.1409962e+000  4.6418004e+000  2.7867605e+000  2.5722799e+000  1.5822597e+000  4.3615791e+000
  2.0000000e+000  2.2212996e+000  3.1161346e+000  3.9285623e+000  3.0805794e+000  1.4028965e+000  9.1853604e-001  3.5702683e+000  4.6278451e+000  3.0706718e+000  1.7977099e+000
