  2.0000000e+000  5.2272704e+000  2.9509796e+000  1.0999477e+000  2.4230549e+000  3.3674730e+000  3.3975690e+000  3.3021169e+000  2.5038491e+000  1.7932543e+000  2.1952660e+000
  2.0000000e+000  2.9723015e+000  2.0876072e+000  4.3818968e+000  2.3278122e+000  3.6708215e+000  3.7672707e+000  2.6240592e+000  3.5560510e+000  2.1669558e+000  2.4752175e+000
  2.0000000e+000  1.6049872e+000  3.6390423e+000  2.8305518e+000  3.0676178e+000  2.3372781e+000  2.6568418e+000  2.7449985e+000  3.0568196e+000  4.6798045e+000  2.3813787e+000
  2.0000000e+000  2.7612426e+000  1.9262231e+000  4.3071944e+000  2.1830536e+000  1.2638291e+000  2.5477653e+000  5.3682363e+000  3.8819529e+000  1.8683232e+000  4.5615475e+000
  1.0000000e+000  3.5403743e+000  2.2128121e+000  4.8213638e+000  2.4918234e+000  2.7563955e+000  3.6003372e+000  2.9802265e+000  3.8008041e+000  3.2684181e+000  3.7783648e+000
  2.0000000e+000  1.9808467e+000  2.6431355e+000  2.9571562e+000  2.3461010e+000  8.0737914e-001  3.9377490e+000  3.7968365e+000  3.9935410e+000  1.5153560e+000  1.4721324e+000
  2.0000000e+000  4.4336205e+000  3.1226735e+000  3.3254439e+000  2.6971110e+000  1.7112910e+000  1.8825658e+000  4.3794084e+000  2.7942171e+000  1.9201497e+000  1.9570972e+000
  2.0000000e+000  2.1332296e+000  2.2510364e+000  4.7805262e+000  2.8665610e+000  3.5899093e+000  2.5669330e+000  3.7018516e+000  2.3814450e+000  3.9532753e+000  2.1713858e+000
  2.0000000e+000  2.7858657e+000  3.5003552e+000  2.6761365e+000  3.0676567e+000  2.1143524e+000  4.9101276e+000  1.5316196e+000  4.0771241e+000  3.4487554e+000  3.4613363e+000
  2.0000000e+000  4.2490511e+000  2.2648084e+000  3.9489021e+000  4.3319613e+000  3.2000077e+000  4.0857878e+000  3.4450663e+000  1.9687118e+000  3.1241203e+000  3.6241698e+000
  1.0000000e+000  3.0322807e+000  2.4211500e+000  3.0121519e+000  2.8335300e+000  3.1298982e+000  2.0733472e+000  2.6074338e+000  3.0185886e+000  3.5779961e+000  1.7239801e+000
  2.0000000e+000  1.7217906e+000  1.7387367e+000  2.1791098e+000  3.8011348e+000  1.7962711e+000  2.8541818e+000  3.1166656e+000  1.1898086e+000  2.6218925e+000  2.1246403e+000
  2.0000000e+000  1.6521466e+000  3.3322324e+000  1.9839159e+000  1.5186455e+000  2.0126494e+000  8.3877617e-001  2.4055154e+000  3.3762054e+000  2.1836912e+000  2.1872720e+000
  2.0000000e+000  3.2912281e+000  2.0336130e+000  1.2865567e+000  4.2994271e+000  3.4195474e+000  3.2232496e+000  4.1321838e+000  1.9219840e+000  5.4808112e+000  3.5929568e+000
  2.0000000e+000  1.1325492e+000  2.2053318e+000  3.6724650e+000  2.8063954e+000  1.3745546e+000  3.1955817e+000  3.2290357e+000  1.9810413e+000  2.4518780e+000  2.4575662e+000
  2.0000000e+000  4.6333021e+000  4.0845792e+000  2.2904204e+000  1.2962562e+000  2.3314149e+000  2.8107956e+000  4.0035654e+000  3.1098685e+000  2.2313660e+000  1.8742531e+000
  2.0000000e+000  2.1738386e+000  2.2563721e+000  3.6276092e+000  3.2603503e+000  2.0683873e+000  3.5998486e+000  4.9817475e+000  2.4827364e+000  4.0067023e+000  3.4980700e+000
  2.0000000e+000  1.7648951e+000  2.1664078e+000  3.1756808e+000  2.9864689e+000  3.5187062e+000  3.0862285e+000  4.1685310e+000  3.7609716e+000  1.5439685e+000  3.1963959e+000
  2.0000000e+000  2.1455714e+000  2.9677788e+000  2.0399592e+000  3.5713925e+000  3.3821914e+000  2.9374724e+000  2.5200300e+000  1.2918175e+000  3.5777065e+000  3.6647666e+000
  2.0000000e+000  4.0620332e+000  4.5142884e+000  3.5962809e+000  2.4670348e+000  2.5697151e+000  4.9402472e+000  1.4365440e+000  2.5764918e+000  2.7464998e+000  1.6243897e+000
  2.0000000e+000  1.6931740e+000  1.0943184e+000  1.1686390e+000  1.4875494e+000  2.2690838e+000  2.6838544e+000  2.4659035e+000  3.4242618e+000  2.8005669e+000  3.2226730e+000
  2.0000000e+000  4.6670711e+000  4.2566233e+000  3.7053266e+000  4.2332281e+000  5.5580732e+000  3.2101580e+000  3.8367841e+000  1.7025593e+000  2.1801232e+000  2.4073048e+000
  2.0000000e+000  2.7407653e+000  2.8097639e+000  4.2889657e+000  1.9526831e+000  3.5889178e+000  4.1568145e+000  1.8096313e+000  5.4319936e+000  3.2944327e+000  4.5411953e+000
  2.0000000e+000  2.7470539e+000  5.0280723e+000  3.0198090e+000  3.8354360e+000  2.9508727e+000  3.4907199e+000  1.4547415e+000  2.2385347e+000  2.1187120e+000  1.2430277e+000
  1.0000000e+000  2.4836515e+000  2.7087102e+000  3.0349498e+000  3.3354958e+000  3.3885348e+000  2.6065010e+000  4.5919629e+000  3.2768503e+000  3.4478140e+000  4.4650936e+000
  1.0000000e+000  2.4853842e+000  3.8482712e+000  3.7705154e+000  1.9805580e+000  4.3424539e+000  2.5147384e+000  3.5863920e+000  3.2513501e+000  3.3627319e+000  1.4823961e+000
  2.0000000e+000  2.4749362e+000  2.3901590e+000  1.9711471e+000  4.9583146e+000  4.1507720e+000  3.0123481e+000  2.5512618e+000  1.8657779e+000  4.5775217e+000  3.7874073e+000
  2.0000000e+000  3.3727422e+000  3.0803018e+000  3.6218185e+000  2.4533353e+000  3.6584905e+000  4.0025441e+000  3.6702270e+000  1.8526989e+000  2.3363791e+000  2.8482727e+000
  1.0000000e+000  2.6235494e+000  1.3188983e+000  2.7945682e+000  1.7809096e+000  9.5683739e-001  9.5898336e-001  2.0301020e+000  3.1653846e+000  3.0916927e+000  3.7747843e+000
  2.0000000e+000  3.8287064e+000  2.8474175e+000  3.0424234e+000  2.0990723e+000  1.8839725e+000  2.8500604e+000  5.5575097e+000  2.9796441e+000  2.4926085e+000  3.1904236e+000
  2.0000000e+000  2.8319120e+000  2.8063186e+000  2.3095815e+000  2.9192031e+000  2.0625940e+000  2.6353386e+000  4.4553029e+000  1.3544897e+000  1.5262121e+000  2.6637354e+000
  2.0000000e+000  5.0489257e+000  2.8216843e+000  3.3337270e+000  3.4098997e+000  4.4396892e+000  1.9658343e+000  3.6413583e+000  5.5805506e+000  2.6922567e+000  1.9458835e+000
  2.0000000e+000  3.4386794e+000  3.6254460e+000  2.9151370e+000  3.4291910e+000  3.2129597e+000  2.7846806e+000  2.5385538e+000  3.2110474e+000  2.2706359e+000  3.6882138e+000
  1.0000000e+000  2.1683389e+000  3.4519242e+000  2.2294482e+000  6.1341944e-001  1.0822172e+000  2.9289714e+000  3.1694926e+000  3.4894222e+000  3.1396625e+000  1.6291661e+000
  1.0000000e+000  1.8827952e+000  6.6181781e-001  1.6431194e+000  4.2102772e+000  3.5536767e+000  8.7624367e-001  4.3722154e+000  3.5318541e+000  3.3313313e+000  1.2912634e+000
  1.0000000e+000  2.0738147e-001  1.7909181e+000  2.2658488e+000  3.1996968e+000  2.0275145e+000  1.9710339e+000  4.0401124e+000  2.7888463e+000  3.1783397e+000  2.2821651e+000
  2.0000000e+000  3.4525518e+000  3.8302712e+000  3.0241137e+000  2.0934323e+000  2.8472182e+000  3.1404815e+000  3.0002701e+000  3.7133299e+000  2.5672956e+000  3.2110986e+000
  2.0000000e+000  3.3233984e+000  1.4963678e+000  2.6444850e+000  4.5307578e+000  3.6736487e+000  3.2219023e+000  3.3028061e+000  1.6707594e+000  1.7959882e+000  3.3971643e+000
  2.0000000e+000  3.2034870e+000  2.4448854e+000  4.5089850e+000  2.3708042e+000  2.8473076e+000  2.4959949e+000  3.1968249e+000  1.5523562e+000  3.9786873e+000  3.4678280e+000
  2.0000000e+000  3.8491989e+000  3.5624954e+000  5.3491082e+000  1.9316794e+000  3.8587743e+000  2.6970328e+000  2.3174413e+000  4.4038806e+000  2.5634522e+000  4.7736859e+000
  2.0000000e+000  4.6091019e+000  4.6968168e+000  2.3888885e+000  3.7440262e+000  2.0360902e+000  3.2538739e+000  4.0564616e+000  2.5702551e+000  5.4650839e+000  4.8118775e+000
  1.0000000e+000  3.5321411e+000  1.9506632e+000  2.4180042e+000  3.1023421e+000  2.0657237e+000  3.3481095e+000  4.3591910e+000  3.2288932e+000  3.0769047e+000  1.6072826e+000
  1.0000000e+000  4.2905955e+000  3.7990184e+000  2.7505579e+000  4.2479642e+000  3.5813186e+000  3.9929891e+000  4.1898102e+000  3.1954736e+000  3.6384966e+000  1.8554863e+000
  2.0000000e+000  4.6191224e+000  2.9952538e+000  2.5088327e+000  3.8416071e+000  2.8171129e+000  1.4109183e+000  2.4084698e+000  2.0607336e+000  2.8278787e+000  2.6065493e+000
  2.0000000e+000  2.0510738e+000  3.3981950e+000  4.2321163e+000  3.6891329e+000  4.1252028e+000  2.2130608e+000  4.6370898e+000  4.0010479e+000  1.0729207e+000  2.5239249e+000
  1.0000000e+000  5.0872485e+000  6.9022015e-001  3.1718673e+000  3.9273445e+000  2.6130949e+000  3.8259447e+000  3.0401900e+000  3.1690708e+000  3.2508987e+000  3.7294422e+000
  1.0000000e+000  4.6651843e+000  1.3007011e+000  3.4456299e+000  3.6153119e+000  4.2102366e+000  8.1801181e-001  4.5789682e+000  3.4424122e+000  3.3891993e+000  5.3784133e+000
  2.0000000e+000  2.7868415e+000  1.6297440e+000  3.9374201e+000  4.1328223e+000  2.3790005e+000  1.9862949e+000  2.1357466e+000  2.1280882e+000  1.7583942e+000  3.6507472e+000
  2.0000000e+000  3.6768751e+000  4.0013852e+000  2.2738348e+000  2.1336259e+000  1.8881726e+000  2.2601814e+000  4.1545531e+000  1.9871897e+000  2.2363339e+000  3.6519836e+000
  2.0000000e+000  3.8579820e+000  1.3328052e+000  4.8465184e+000  1.5897788e+000  2.6026894e+000  1.3049585e+000  3.5282083e+000  1.5490269e+000  3.2415153e+000  4.8646585e+000
  2.0000000e+000  2.0423577e+000  1.1820152e+000  9.6914133e-001  5.0276865e+000  1.3953212e+000  4.1969933e+000  3.0607493e+000  2.0024290e+000  3.8201295e+000  4.9816446e+000
  2.0000000e+000  2.8893137e+000  3.1456792e+000  2.9343050e+000  3.0280828e+000  3.5804756e+000  4.1141661e+000  5.2691678e+000  2.6541484e+000  3.6423567e+000  2.4990217e+000
  2.0000000e+000  3.5344370e+000  4.3095499e+000  1.0058436e+000  4.3615211e+000  1.7404301e+000  4.4733642e+000  3.2539032e+000  4.2628272e+000  3.7769499e+000  1.4881781e+000
  2.0000000e+000  2.9351467e+000  3.6931683e+000  1.9586318e+000  3.1990196e+000  3.3209131e+000  3.6802019e+000  1.4133260e+000  2.8173634e-002  2.4139987e+000  3.5161396e+000
  2.0000000e+000  3.3341883e+000  3.5380419e+000  1.4991168e+000  3.2909321e+000  2.7047562e+000  3.9884119e+000  1.9548960e+000  3.1170493e+000  5.4194107e+000  3.6539922e+000
  2.0000000e+000  2.1607996e+000  3.3426899e+000  3.1113826e+000  2.6621461e+000  3.5486874e+000  2.8017769e+000  1.7606210e+000  2.5627749e+000  2.1769123e+000  3.3733663e+000
  2.0000000e+000  3.6065038e+000  4.0205423e+000  4.4731865e+000  3.0831793e+000  2.3955308e+000  2.6389759e+000  2.0782834e+000  3.4235194e+000  2.8694934e+000  2.4682817e+000
  2.0000000e+000  3.4886140e+000  5.6562613e-001  4.7171717e+000  3.6341093e+000  4.5886470e+000  3.3954092e+000  4.5517293e+000  2.7977619e+000  2.7335067e+000  1.8960055e+000
  1.0000000e+000  3.2198514e+000  1.9351735e+000  3.4396946e+000  4.3483464e+000  3.6640716e+000  3.4582772e+000  3.1607792e+000  3.2188255e+000  3.2503252e+000  3.5436310e+000
  1.0000000e+000  2.6731856e+000  2.6626299e+000  4.2388892e+000  2.0852261e+000  2.2563278e+000  1.7295956e+000  1.7246238e+000  2.9607870e+000  3.9300327e+000  3.5895116e+000
  2.0000000e+000  2.9040843e+000  6.2032649e-001  4.7749882e+000  3.3253030e+000  3.6233328e+000  5.1614582e+000  3.1156542e+000  3.9034319e+000  4.2651547e+000  2.7788396e+000
  2.0000000e+000  2.9691919e+000  4.4492970e+000  3.6407051e+000  1.9544991e+000  3.4057618e+000  1.7527277e+000  1.4213139e+000  5.4793206e+000  2.2914218e+000  2.3636536e+000
  2.0000000e+000  2.9456330e+000  3.3168232e+000  3.4127674e+000  2.0053304e+000  1.8095559e+000  3.0412394e+000  5.0884759e+000  3.5107116e+000  1.9041739e+000  2.8442623e+000
  2.0000000e+000  3.3567968e+000  3.8097556e+000  2.8855310e+000  2.8959884e+000  4.5077464e+000  2.4927247e+000  2.3865913e+000  3.9543370e+000  2.4967318e+000  2.1183604e+000
  2.0000000e+000  2.1502451e+000  3.2836569e+000  5.1255220e+000  2.8454315e+000  3.9306462e+000  4.4348945e+000  2.9050206e+000  1.9830308e+000  2.7330294e+000  1.5317270e+000
  2.0000000e+000  3.1646613e+000  2.6649650e+000  4.2768590e+000  2.0435861e+000  3.3211473e+000  3.6256096e+000  3.7593356e+000  1.8423175e+000  2.0555236e+000  1.5214287e-001
  2.0000000e+000  1.9855469e+000  3.7022839e+000  2.1612711e+000  2.3344141e+000  3.3769335e+000  2.8315627e+000  4.4494287e+000  3.5847092e+000  2.5948700e+000  2.9741712e+000
  2.0000000e+000  3.9569622e+000  4.0073931e+000  2.3724870e+000  3.7096242e+000  1.4242621e+000  1.8605379e+000  2.0277273e+000  1.5705496e+000  4.7549268e+000  4.3119581e+000
  2.0000000e+000  1.6600776e+000  4.1322486e+000  4.1084776e+000  3.9099088e+000  4.8644590e+000  3.3669557e+000  2.0492186e+000  2.8470493e+000  2.8311432e+000  2.1345893e+000
  2.0000000e+000  2.1491578e+000  3.1630868e+000  4.5816117e+000  2.8765553e+000  2.8497312e+000  5.3558692e-001  4.2310926e+000  1.3410075e+000  3.9876894e+000  4.1132420e+000
  1.0000000e+000  1.6994419e+000  1.0034060e+000  3.6354763e+000  2.7575243e+000  2.5616886e+000  3.0407683e+000  2.4007913e+000  3.1655617e+000  3.5108247e+000  2.4591884e+000
  2.0000000e+000  2.2082749e+000  2.6598741e+000  4.0637630e+000  3.9679243e+000  2.5692383e+000  3.2701393e+000  2.9800301e+000  2.0757748e+000  2.2524106e+000  2.4980911e+000
  2.0000000e+000  1.2598767e+000  3.8548070e+000  2.6817145e+000  2.9600515e+000  1.9219061e+000  3.7324782e+000  1.5458121e+000  3.6141479e+000  2.1742653e+000  2.1110770e+000
  2.0000000e+000  2.3288046e+000  1.2822524e+000  1.9849251e+000  4.6248026e+000  2.3704940e+000  3.5556044e+000  3.4945217e+000  2.6178421e+000  2.2073383e+000  2.0144312e+000
  2.0000000e+000  3.8432892e+000  2.8045979e+000  3.8313281e+000  3.2156305e+000  3.1190086e+000  2.9117214e+000  3.1105355e+000  3.4640234e+000  5.0650115e+000  3.0698778e+000
  2.0000000e+000  2.3936797e+000  1.9906721e+000  3.4495591e+000  2.8033107e+000  3.5742819e+000  4.1825475e+000  3.2547885e+000  3.7322495e+000  3.9748465e+000  3.3707482e+000
  2.0000000e+000  2.8247409e+000  2.9635697e+000  2.0731275e+000  2.3513407e+000  1.4303914e+000  3.4221807e+000  1.2113808e+000  2.3206004e+000  3.7566091e+000  2.9817179e+000
  2.0000000e+000  3.2031622e+000  3.0791590e+000  2.9241194e+000  2.9460227e+000  5.3872856e+000  2.3201900e+000  2.9778564e+000  4.8199477e+000  2.5799155e+000  3.9577911e+000
  2.0000000e+000  3.5037298e+000  3.6597143e+000  2.8873170e+000  2.9640535e+000  3.3978845e+000  2.1884985e+000  4.3299907e+000  3.2379107e+000  4.2482479e+000  3.9851551e+000
  2.0000000e+000  3.0260878e+000  4.3740655e+000  2.1500207e+000  2.9917253e+000  1.1045303e+000  2.8810778e+000  3.8075948e+000  3.2720947e+000  2.6847018e+000  2.6008169e+000
  2.0000000e+000  4.6181438e+000  2.5601180e+000  3.7178836e+000  1.8420661e+000  2.2982794e+000  4.3725078e+000  4.1014592e+000  4.0441646e+000  3.8801059e+000  3.0545079e+000
  2.0000000e+000  2.2295970e+000  1.5077461e+000  2.1395760e+000  3.7359405e+000  2.7038968e+000  2.3982488e+000  3.6268789e+000  3.0223503e+000  4.0769949e+000  4.6448125e+000
  2.0000000e+000  8.7409916e-001  3.6466426e+000  3.6461529e+000  2.3901259e+000  3.5911384e+000  1.8394338e+000  3.1521679e+000  1.5821669e+000  2.6087875e+000  1.4094890e+000
  2.0000000e+000  2.9687155e+000  3.8047653e+000  3.9760685e+000  3.5357405e+000  3.6885781e+000  2.9614644e+000  3.5572008e+000  2.7490425e+000  2.2510650e+000  2.8963327e+000
  2.0000000e+000  2.6241786e+000  4.7685742e+000  2.4549889e+000  2.5920352e+000  2.5050585e+000  4.3714970e+000  1.8055078e+000  1.7563515e+000  2.2277083e+000  5.3789365e+000
  2.0000000e+000  2.6312861e+000  3.6131858e+000  4.8252825e+000  3.2736105e+000  1.4362648e+000  2.2442140e+000  3.8061945e+000  3.0040275e+000  1.3559807e+000  1.5070658e+000
  2.0000000e+000  3.1814968e+000  4.2596982e+000  4.1678294e+000  3.5656365e+000  2.6791979e+000  2.0215759e+000  2.7363565e+000  1.9667781e+000  3.4700072e+000  2.1953189e+000
  2.0000000e+000  3.1292712e+000  2.7451473e+000  3.0819067e+000  4.4817665e+000  2.0814039e+000  3.6570382e+000  4.4044560e+000  2.3950357e-001  4.3889995e+000  1.4340667e+000
  2.0000000e+000  5.3826952e+000  2.2739775e+000  4.6984693e+000  1.9038969e+000  3.7965971e+000  2.6794450e+000  3.3578091e+000  2.3779925e+000  4.1530902e+000  4.2469168e+000
  1.0000000e+000  2.7612090e+000  3.4664457e+000  4.6476780e+000  3.1634239e+000  3.0595774e+000  2.2087550e+000  2.5414110e+000  2.3788480e+000  3.0285352e+000  2.2078958e+000
  2.0000000e+000  3.7058521e+000  2.3610524e+000  4.7454838e+000  2.6784758e+000  2.0807936e+000  2.0607579e+000  1.1431851e+000  2.0669678e+000  2.2487955e+000  2.2235848e+000
  2.0000000e+000  3.8466103e+000  2.7916036e+000  3.9333603e+000  2.9246368e+000  3.1645569e+000  6.7173094e-001  1.5020515e+000  3.7722744e+000  4.1659567e+000  3.1474627e+000
  2.0000000e+000  1.9538940e+000  4.1609860e+000  2.1749183e+000  3.3801279e+000  3.0804466e+000  3.8971389e+000  2.4937575e+000  2.3161490e+000  2.9680121e+000  3.6261804e+000
  2.0000000e+000  4.4255219e+000  3.1119796e+000  3.4375700e+000  4.1588287e+000  3.3493208e+000 -1.8145763e-001  4.0205019e+000  1.9768368e+000  5.1400893e+000  3.9790073e+000
  2.0000000e+000  2.0624411e+000  2.9812645e+000  3.2950187e+000  2.0070957e+000  4.3286353e+000  2.4301660e+000  3.1302150e+000  3.3324329e+000  4.3033907e+000  1.0704311e+000
  2.0000000e+000  2.2778636e+000  2.8752875e+000  3.2170898e+000  2.8947421e+000  3.8122260e+000  3.9681644e+000  1.8068582e+000  3.5882285e+000  1.8148483e+000  2.9930856e+000
  2.0000000e+000  3.1430720e+000  3.3693561e+000  2.9287875e+000  2.4896207e+000  5.7547864e+000  1.3624319e+000  1.3027516e+000  4.5513873e+000  4.3722638e+000  1.0690027e+000
  1.0000000e+000  3.5506773e+000  1.6887867e+000  3.4941114e+000  1.8319807e+000  1.1588075e+000  4.3542274e+000  3.3816413e+000  3.5488789e+000  3.4117754e+000  2.7270530e+000
  1.0000000e+000  2.7280953e+000  3.2565704e+000  2.5520430e+000  2.9967501e+000  1.7938902e+000  1.3547429e+000  2.6020649e+000  2.1434764e+000  3.0369104e+000  2.0376918e+000
  2.0000000e+000  3.4084689e+000  4.0310441e+000  2.7481344e+000  2.3919628e+000  2.7675342e+000  1.2838844e+000  3.3963878e+000  3.7700332e+000  2.9969504e+000  2.0802919e+000
