  1.0000000e+000  1.4118090e+000  4.0169220e+000  3.6955596e+000  3.0051859e+000  2.6247705e+000  3.6587231e+000  2.8655979e+000  2.5420648e+000  2.4778594e+000  3.9562309e+000
  1.0000000e+000  2.3073581e+000  3.4587113e+000  3.4780883e+000  2.4252803e+000  1.2879473e+000  3.8015933e+000  2.8009378e+000  3.2176288e+000  5.0685239e+000  3.2221051e+000
  2.0000000e+000  4.6409080e+000  4.6409051e+000  4.0677292e+000  3.8562167e+000  4.0416666e+000  4.4524514e+000  3.7757922e+000  3.3175948e+000  3.7582883e+000  5.2997297e+000
  2.0000000e+000  2.7674696e+000  3.6605141e+000  2.5904196e+000  3.2608540e+000  2.6505539e+000  3.8312595e+000  3.4076812e+000  4.1660857e+000  1.5555129e+000  2.6940273e+000
  2.0000000e+000  3.9135570e+000  3.2906996e+000  1.9193823e+000  2.3070693e+000  3.4884400e+000  3.7703233e+000  3.9880786e+000  2.2735296e+000  4.0232195e+000  3.0623451e+000
  2.0000000e+000  1.9857372e+000  3.0597226e+000  4.8197573e+000  4.1010012e+000  3.0307496e+000  3.6066406e+000  2.8372750e-001  1.5879844e+000  4.1582582e+000  3.2867989e+000
  1.0000000e+000  3.3412271e+000  2.8940820e+000  3.4624043e+000  2.3691083e+000  3.5465488e+000  2.3331895e+000  2.9587110e+000  3.0510734e+000  3.6851429e+000  4.7789074e+000
  2.0000000e+000  3.2305068e+000  4.1160233e+000  2.2953568e+000  1.7087906e+000  2.2473719e+000  4.9216915e+000  1.0014728e+000  4.5753520e+000  1.7106015e+000  4.0059474e+000
  2.0000000e+000  5.6725748e+000  3.2831117e+000  3.6905187e+000  3.8782885e+000  2.1751212e+000  3.7736198e+000  3.5507878e+000  4.0914240e+000  3.1997448e+000  1.9103063e+000
  1.0000000e+000  3.8332169e+000  3.3318399e+000  3.0289099e+000  2.2502320e+000  3.3389061e+000  2.3616940e+000  1.3576932e+000  2.0520517e+000  3.0748843e+000  2.6865128e+000
  2.0000000e+000  2.0533190e+000  2.8183693e+000  2.6648273e+000  1.1526096e+000  3.6223228e+000  5.0357724e+000  4.4732640e+000  3.7085274e+000  1.5786066e+000  3.6120503e+000
  2.0000000e+000  3.9430497e+000  1.8943961e+000  2.2493950e+000  2.7380612e+000  5.2545184e+000  5.0426594e+000  2.7739553e+000  1.7521801e+000  3.1940063e-001  4.2295795e+000
  2.0000000e+000  2.8707898e+000  4.5534516e+000  2.3123026e+000  2.6288453e+000  2.8252888e+000  1.9955698e+000  3.6679771e+000  1.8728865e+000  2.2228298e+000  4.4427492e+000
  2.0000000e+000  2.9423006e+000  1.3123055e+000  3.1020048e+000  4.9740172e+000  2.0323628e+000  4.5005676e+000  1.1630740e+000  2.6274181e+000  3.0797429e+000  2.7250669e+000
  1.0000000e+000  4.3191527e+000  3.4093109e+000  3.1460532e+000  3.0000738e+000  1.8153851e+000  2.1387775e+000  1.9216959e+000  2.9647344e+000  2.3293169e+000  1.5040851e+000
  2.0000000e+000  3.6452563e+000  3.2685298e+000  2.5230255e+000  4.1646273e+000  2.6535327e+000  3.5979913e+000  3.0952653e+000  3.2326834e+000  3.5835267e+000  4.4020343e+000
  2.0000000e+000  3.0072821e+000  2.3161945e+000  2.9129389e+000  2.6714308e+000  3.8626358e+000  3.1687277e+000  3.7431169e+000  3.5339753e+000  4.2174534e+000  2.4882246e+000
  2.0000000e+000  3.7180048e+000  3.5589840e+000  4.0749770e+000  3.3191959e+000  1.7508741e+000  3.2547403e+000  1.6418673e+000  9.4328650e-001  1.9902575e+000  2.4708962e+000
  1.0000000e+000  3.0708731e+000  2.4257296e+000  3.6992891e+000  2.5577439e+000  4.3420859e+000  1.7093052e+000  1.8237595e+000  4.2521781e+000  1.8741216e+000  2.2839225e+000
  2.0000000e+000  3.5173218e+000  2.7439620e+000  1.8949598e+000  5.1185709e+000  3.4072084e+000  3.1261617e+000  2.9208429e+000  1.0506442e+000  3.0775059e+000  2.8911547e+000
  1.0000000e+000  2.9260705e+000  3.6627285e+000  3.1721447e+000  2.1642762e+000  3.3735425e+000  5.0056714e+000  4.1194421e+000  1.0619340e+000  3.7288454e+000  1.6640579e+000
  2.0000000e+000  3.9825403e+000  4.5918491e+000  2.5190640e+000  3.5326611e+000  2.3787770e+000  3.6198490e+000  2.0934157e+000  2.3225595e+000  3.7870675e+000  1.8528809e+000
  2.0000000e+000  2.4294573e+000  3.9391159e+000  3.6125097e+000  4.2136754e+000  1.0986433e+000  4.8377094e+000  3.6173664e+000  1.9929600e+000  2.7640276e+000  6.1790894e+000
  2.0000000e+000  2.0279122e+000  4.1834187e+000  2.7867854e+000  2.7531940e+000  2.8751357e+000  3.9351929e+000  3.8763755e+000  4.4332462e+000  2.6211493e+000  2.2236570e+000
  2.0000000e+000  2.7846558e+000  2.9529390e+000  4.9424945e+000  4.1748891e+000  2.8958597e+000  1.9875976e+000  3.2435459e+000  2.1958282e+000  1.1905520e+000  2.3123146e+000
  1.0000000e+000  4.4336632e+000  2.8011781e+000  3.9491216e+000  3.2274463e+000  3.8635193e+000  2.4545603e+000  2.4277670e+000  1.7935584e+000  2.8823813e+000  4.0390208e+000
  1.0000000e+000  2.7347559e+000  2.5101819e+000  3.7930479e+000  3.0657143e+000  3.4814641e+000  3.6363066e+000  2.7320403e+000  2.9698699e+000  3.2098374e+000  2.6224609e+000
  1.0000000e+000  3.2534674e+000  2.0622620e+000  3.7750249e+000  3.3680705e+000  3.0977451e+000  2.1176905e+000  4.0179075e+000  2.5042733e+000  2.7531303e+000  2.1460007e+000
  2.0000000e+000  1.2331070e+000  3.6666415e+000  1.7601591e+000  3.2979780e+000  2.0020387e+000  6.2115657e+000  3.6648043e+000  1.1342473e+000  2.8690277e+000  3.6119911e+000
  2.0000000e+000  1.1064805e+000  2.9457057e+000  4.0173840e+000  2.3463106e+000  2.7800731e+000  3.0118238e+000  1.9314564e+000  4.4366953e+000  1.6758633e+000  2.0674551e+000
  2.0000000e+000  4.3329357e+000  4.6868718e+000  2.6835634e+000  2.8530825e+000  3.0972082e+000  3.3122739e+000  3.7158612e+000  4.1387412e+000  3.6989771e+000  4.2544110e+000
  2.0000000e+000  3.8662044e+000  1.2245964e+000  3.3055568e+000  3.1322765e-001  2.6550221e+000  4.4914108e+000  1.7623796e+000  2.8059047e+000  3.2835332e+000  3.7033131e+000
  2.0000000e+000  2.7633850e+000  2.2611840e+000  1.6708841e+000  2.8819973e+000  4.2523324e+000  3.0753139e+000  2.6895072e+000  4.5842941e+000  2.6254789e+000  3.1100878e+000
  2.0000000e+000  3.5647456e+000  4.0971355e+000  3.0529578e+000  4.6467452e+000  2.5756128e+000  2.0388244e+000  4.3055868e+000  4.5247314e+000  4.0945543e+000  2.9658612e+000
  2.0000000e+000  2.3323842e+000  2.4374833e+000  3.2070402e+000  4.3039949e+000  3.5705172e+000  3.2035413e+000  2.0563971e+000  2.6931868e+000  1.9990325e+000  4.2979788e+000
  2.0000000e+000  1.4320149e+000  1.6895571e+000  1.2992462e+000  2.5655361e+000  2.9544760e+000  2.1471154e+000  4.9812497e+000  2.5326638e+000  5.0262155e+000  1.6245434e+000
  2.0000000e+000  1.3814544e+000  1.2663190e+000  2.1462484e+000  1.0512818e+000  4.0773724e+000  3.1464554e+000  3.4641090e+000  4.4633760e+000  2.1683822e+000  3.6201728e+000
  2.0000000e+000  5.1063589e+000  1.5433383e+000  2.1793314e+000  2.5455794e+000  3.3651915e+000  3.1593548e+000  3.0954987e+000  3.2786783e+000  3.4550932e+000  3.5556841e+000
  1.0000000e+000  4.2152768e+000  2.8541078e+000  3.6773187e+000  3.6403937e+000  3.1944309e+000  1.7848479e+000  1.7279970e+000  1.8003611e+000  3.6041328e+000  2.4539418e+000
  2.0000000e+000  2.9033973e+000  2.4705908e+000  2.2617789e+000  2.5583152e+000  3.8975746e+000  2.1160198e+000  3.0505630e+000  2.4223237e+000  2.6670789e+000  3.6678910e+000
  2.0000000e+000  1.7959519e+000  2.4026873e+000  3.6188141e+000  4.4522685e+000  1.1155925e+000  2.5646304e+000  2.9624442e+000  1.1329546e+000  1.3334347e+000  1.4977527e+000
  2.0000000e+000  2.8612426e+000  3.2232753e+000  1.4996628e+000  2.2328153e+000  3.5524270e+000  4.1337868e+000  2.4239051e+000  2.3100927e+000  3.6143812e+000  4.1453169e+000
  1.0000000e+000  4.9633481e+000  3.8373037e+000  3.4855939e+000  2.7984986e+000  4.7183639e+000  2.1870342e+000  3.0036028e+000  4.3176517e+000  1.3677773e+000  4.2568563e+000
  2.0000000e+000  3.1777878e+000  4.2661740e+000  3.9432238e+000  2.2954565e+000  1.4490089e+000  2.9675192e+000  4.2200416e+000  3.3127373e+000  2.2713612e+000  3.1840361e+000
  2.0000000e+000  3.5565270e+000  3.7049230e+000  2.3351767e+000  3.3961147e+000  4.4901965e+000  3.2018034e+000  4.1342840e+000  4.7855602e+000  1.2865053e+000  4.5339572e+000
  2.0000000e+000  2.8340505e+000  3.5198115e+000  4.8088909e+000  2.5423420e+000  2.4058228e+000  3.9052964e+000  4.1514223e+000  1.6504129e+000  4.0328259e+000  2.8765751e+000
  2.0000000e+000 -1.9572134e-001  4.5446952e+000  2.6942583e+000  3.5653242e+000  2.7504432e+000  4.2110476e+000  2.9151379e+000  2.7642748e+000  2.8579371e+000  2.7208036e+000
  2.0000000e+000  1.9807439e+000  1.7728301e+000  2.1959036e+000  3.0055251e+000  3.3346544e+000  4.0589725e+000  3.2807928e+000  3.0382619e+000  3.6685070e+000  2.4566574e+000
  2.0000000e+000  2.7224747e+000  7.1534242e-001  3.6130100e+000  3.1624792e+000  3.8194072e+000  3.7368686e+000  3.2219492e+000  1.7329823e+000  3.1939324e+000  3.4674733e+000
  2.0000000e+000  4.0248081e+000  1.9373258e+000  2.7418594e+000  3.4453773e+000  2.0316286e+000  2.0727234e+000  3.6476945e+000  3.8824519e+000  3.1373655e+000  2.9487696e+000
  2.0000000e+000  2.7011599e+000  3.9663225e+000  1.7882372e+000  2.9231650e+000  3.0577285e+000  3.7556542e+000  2.8632650e+000  3.6590680e+000  2.2499610e+000  5.6721829e+000
  2.0000000e+000  3.9837972e+000  4.5670845e+000  3.8161720e+000  4.5803909e+000  3.6062512e+000  3.3670368e+000  3.4191310e+000  4.2710058e+000  2.5077884e+000  3.6088318e+000
  2.0000000e+000  2.4674774e+000  3.5354276e+000  2.8894706e+000  3.4819931e+000  4.3982417e+000  3.7821186e+000  4.6526840e+000  3.1703682e+000  1.5770636e+000  4.0748075e-001
  2.0000000e+000  1.2283218e+000  3.4350734e+000  2.6695615e+000  5.1807492e+000  3.2396825e+000  2.3612884e+000  3.6242027e+000  3.0188179e+000  3.9430406e+000  1.1221363e+000
  2.0000000e+000  3.3630598e+000  2.6052636e+000  3.7879192e+000  4.6931057e+000  1.1603364e+000  1.7251876e+000  3.8283383e+000  4.3627383e+000  1.7256654e+000  2.5233981e+000
  1.0000000e+000  3.5480388e+000  4.0003441e+000  3.0295741e+000  2.7332470e+000  2.9558602e+000  4.2879228e+000  3.8867239e+000  1.6967102e+000  2.4291679e+000  3.3693786e-001
  2.0000000e+000  2.9038645e+000  3.9983694e+000  3.8163463e+000  3.7405958e+000  3.4396120e+000  1.9368534e+000  2.8633528e+000  2.8403791e+000  5.3258485e+000  1.6136838e+000
  2.0000000e+000  1.7179488e+000  3.5979324e+000  7.5817079e-001  1.9957372e+000  4.5832964e+000  1.8447469e+000  3.3196483e+000  1.9041552e+000  1.9481609e+000  3.4625194e+000
  2.0000000e+000  3.1363885e+000  2.6495940e+000  3.0108984e+000  1.3085159e+000  2.1678505e+000  4.5270651e+000  4.0302058e+000  3.5590169e+000  2.7447712e+000  2.3663122e+000
  2.0000000e+000  2.7394240e+000  2.4119730e+000  3.5101756e+000  2.1316191e+000  3.5531097e+000  2.9564974e+000  4.2010963e+000  2.6816998e+000  2.9191040e+000  3.7709194e+000
  2.0000000e+000  2.3131881e+000  1.4205391e+000  3.6109213e+000  8.6901384e-001  4.1586264e+000  2.5880860e+000  2.5248729e+000  4.0308316e+000  2.9887402e+000  3.2601365e+000
  2.0000000e+000  3.4886514e+000  2.9887913e+000  2.9978969e+000  5.1332020e+000  3.6984542e+000  3.3325388e+000  3.2777572e+000  2.5471262e+000  2.9788387e+000  3.0754583e+000
  2.0000000e+000  2.9465062e+000  4.9578726e+000  2.2449346e+000  2.2185245e+000  4.0687910e+000  2.5646628e+000  3.2623819e+000  2.6638625e+000  3.0703638e+000  3.8932424e+000
  2.0000000e+000  2.0186789e+000  3.7014086e+000  4.4245147e+000  3.4034084e+000  2.6132325e+000  2.5656736e+000  2.5882324e+000  3.6613748e+000  3.5620480e+000  3.4966279e+000
  2.0000000e+000  2.4398577e+000  3.7729243e+000  2.5483115e+000  1.1838798e+000  2.4217313e+000  3.5541197e+000  5.1209367e+000  5.4931012e+000  3.5249334e+000  2.9035732e+000
  2.0000000e+000  2.5255315e+000  2.8713204e+000  2.2952523e+000  4.4082649e+000  2.8110012e+000  2.6160176e+000  5.4096232e-001  3.3796051e+000  3.3878707e+000  1.6899474e+000
  1.0000000e+000  1.9233265e+000  3.6343263e+000  3.2529837e+000  3.0116103e+000  2.6710682e+000  2.9636085e+000  1.8700260e+000  1.3806502e+000  2.1858608e+000  3.1645479e+000
  2.0000000e+000  1.6721004e+000  3.5440809e+000  2.7052801e+000  3.0076238e+000  2.8499109e+000  3.3405354e+000  2.3963527e+000  2.5902541e+000  2.0994607e+000  2.7361601e+000
  1.0000000e+000  3.5072175e+000  4.7120247e+000  3.2664362e+000  2.2216838e+000  2.0590830e+000  2.6847970e+000  2.4800822e+000  2.6951306e+000  1.9027241e+000  3.1274123e+000
  2.0000000e+000  2.7952113e+000  2.7157262e+000  3.4901096e+000  1.9132150e+000  5.1677471e+000  3.3652442e+000  3.6644041e+000  2.1017007e+000  5.0501365e+000  1.5089257e+000
  2.0000000e+000  3.8582863e+000  2.8800072e+000  4.5749749e+000  3.8263093e+000  4.0128661e+000  3.6070779e+000  3.0349105e+000  3.5595438e+000  3.1579176e+000  1.4564463e+000
  2.0000000e+000  1.2465392e+000  5.0573009e+000  1.5079351e+000  2.3499347e+000  2.0673308e+000  7.0255337e-001  2.1826869e+000  3.4276559e+000  1.3008710e+000  1.8395492e+000
  2.0000000e+000  3.1255219e+000  2.7016136e+000  3.6456681e+000  4.1112166e+000  3.8082271e+000  2.8956526e+000  3.1826940e+000  2.6505028e+000  2.6892927e+000  3.3734397e+000
  1.0000000e+000  4.6625298e+000  2.9633698e+000  3.4211089e+000  3.3416371e+000  9.0564509e-001  2.1595186e+000  3.6693994e+000  2.0825019e+000  5.0960927e+000  2.7818829e+000
  1.0000000e+000  3.6268720e+000  2.3635308e+000  3.0320176e+000  3.2509649e+000  3.9078057e+000  2.6631993e+000  3.5116270e+000  1.2419596e+000  3.0958518e+000  3.3356653e+000
  2.0000000e+000  4.9313605e+000  3.0326608e+000  3.6160467e+000  1.9616203e+000  3.3798874e+000  3.9361412e+000  1.4794365e+000  4.2035373e+000  2.3852100e+000  2.5723149e+000
  2.0000000e+000  2.7057539e+000  2.8879783e+000  2.3694876e+000  2.6544895e+000  3.5817333e+000  4.8840517e+000  2.0446603e+000  4.4769324e+000  1.6250450e+000  3.4553946e+000
  2.0000000e+000  4.3663517e+000  5.2113684e+000  2.0954573e+000  4.5196778e+000  1.3024516e+000  4.0535233e+000  1.2792678e+000  1.8868211e+000  3.2300535e+000  2.3130279e+000
  2.0000000e+000  2.8579903e+000  4.0591236e+000  4.9827069e+000  3.5508086e+000  5.5190377e+000  3.5114934e+000  1.8117798e+000  1.6781729e+000  1.6706316e+000  3.6194396e+000
  2.0000000e+000  3.0357793e+000  1.7786495e+000  4.3114872e+000  4.2581653e+000  3.6304328e+000  4.3918823e+000  3.5165786e+000  3.5831444e+000  4.1689214e+000  3.8184214e+000
  1.0000000e+000  3.7520563e+000  3.7126741e+000  3.2099769e+000  3.3075295e+000  1.5075531e+000  2.3446351e+000  1.9082999e+000  1.8258068e+000  4.5174905e+000  2.9689170e+000
  2.0000000e+000  2.4924309e+000  2.1358189e+000  7.1640278e-001  3.8951617e-001  1.0254832e+000  3.3250667e+000  4.8031459e+000  2.9807717e+000  4.0760644e+000  3.8733978e+000
  2.0000000e+000  2.9818499e+000  2.1221326e+000  1.0371095e+000  3.8567777e+000  2.9255078e+000  4.0862762e+000  2.9804410e+000  3.3011017e+000  2.7964284e+000  3.7017151e+000
  2.0000000e+000  2.1632996e+000  3.3968835e+000  2.8454772e+000  2.7290131e+000  2.5591656e+000  2.3192489e+000  2.4055665e+000  2.0369924e+000  4.0082058e+000  2.5462512e+000
  1.0000000e+000  2.5331225e+000  3.1391159e+000  3.0163123e+000  3.6965508e+000  2.8676399e+000  1.7710988e+000  1.8164001e+000  2.8197352e+000  2.3029754e+000  2.3353454e+000
  1.0000000e+000  3.6808187e+000  2.5898319e+000  3.2037836e+000  2.6580470e+000  1.6840189e+000  2.4321304e+000  5.4027370e+000  3.3323336e+000  3.2191694e+000  4.6679568e+000
  2.0000000e+000  3.1647398e+000  2.3144464e+000  2.3977531e+000  3.0304831e+000  1.9700715e+000  2.8003565e+000  1.9914723e+000  4.1424123e+000  2.6861405e+000  1.9989599e+000
  1.0000000e+000  3.0473369e+000  4.4235938e+000  3.4235105e+000  3.3754586e+000  3.1895087e+000  2.7563902e+000  3.3008435e+000  4.5345709e+000  4.6510343e+000  2.5967241e+000
  2.0000000e+000  1.8484338e+000  2.7736122e+000  1.9502335e+000  3.4689020e+000  3.2258205e+000  2.7367810e+000  4.0485994e+000  1.8462896e+000  2.8413949e+000  1.2156031e+000
  2.0000000e+000  1.9421173e+000  2.7361167e+000  2.2816631e+000  4.1360705e+000  3.2843621e+000  2.2758330e+000  3.1380087e+000  4.6364172e+000  6.9955657e-001  3.0041860e+000
  2.0000000e+000  1.4283938e+000  3.2641468e+000  3.9831646e+000  5.8704581e+000  3.2105240e+000  3.5262211e+000  1.6620302e+000  3.6729364e+000  3.7547502e+000  3.7596290e+000
  2.0000000e+000  3.4754933e+000  4.1257311e+000  1.8946780e+000  5.3491681e+000  1.7038666e+000  3.0052847e+000  1.3660794e+000  1.9622653e+000  3.5360342e+000  2.4970350e+000
  2.0000000e+000  3.5596737e+000  3.4480953e+000  2.8637863e+000  3.1254486e+000  4.8021010e-001  3.5290257e+000  2.6681488e+000  4.8070264e+000  1.8674974e+000  3.3055063e+000
  2.0000000e+000  4.8653918e+000  3.0762154e+000  2.4627036e+000  3.1029189e+000  4.4775393e+000  3.5764315e+000  3.4580466e+000  2.9651265e+000  3.9070556e+000  3.5927952e+000
  2.0000000e+000  3.5519385e+000  3.9371081e+000  3.4132989e+000  1.6072181e+000  3.6407768e+000  3.9513181e+000  2.5509532e+000  2.9114581e+000  2.9286770e-001  3.3450757e+000
  2.0000000e+000  3.2729572e+000  2.9351458e+000  2.6212997e+000  4.4847682e+000  1.8900028e+000  4.8626694e+000  1.8519697e+000 -1.6065928e-001  3.1882911e+000  3.0545572e+000
  1.0000000e+000  2.6720072e+000  2.1791269e+000  3.2160705e+000  3.0204034e+000  2.4827443e+000  2.7896497e+000  3.6350901e+000  3.5418360e+000  3.3594153e+000  3.8152174e+000
  2.0000000e+000  4.5604650e+000  2.0515045e+000  2.3157093e+000  3.1223990e+000  1.5321231e+000  3.0533773e+000  3.4397568e+000  3.7344129e+000  3.5101619e+000  3.3693361e+000
  2.0000000e+000  3.5854450e+000  2.3762268e+000  2.5938081e+000  2.7029801e+000  3.3271492e+000  2.6585896e+000  4.6217494e+000  3.8900456e+000  2.3931232e+000  3.8259276e+000
  2.0000000e+000  2.4707503e+000  1.2607548e+000  6.1462275e-001  2.3729475e+000  3.0028253e+000  4.0918456e+000  2.8867562e+000  3.1784488e+000  3.7854992e+000  3.9470376e+000
