  1.0000000e+000  1.1735256e+000  3.7516905e+000  1.8261727e+000  2.9857426e+000  4.3200167e+000  3.8076883e+000  1.4667974e+000  3.2492156e+000  1.0296341e+000  2.2589574e+000
  2.0000000e+000  4.3795093e+000  3.1611478e+000  3.2397206e+000  3.1715737e+000  3.8265748e+000  2.4001711e+000  4.7908234e+000  1.1678271e+000  1.0165380e+000  3.4216115e+000
  1.0000000e+000  2.3599380e+000  1.6139092e+000  2.1784132e+000  3.8694144e+000  1.5140257e+000  2.3018697e+000  3.1706628e+000  3.0991665e+000  1.4526933e+000  5.2312022e+000
  1.0000000e+000  1.4455016e+000  4.0977662e+000  2.0362501e+000  3.3265918e+000  2.2200195e+000  3.5281266e+000  1.4200945e+000  3.2341618e+000  4.5017145e+000  3.9317788e+000
  1.0000000e+000  3.8217459e+000  1.9151861e+000  4.1262912e+000  3.2260885e+000  3.9209905e-001  3.1638708e+000  2.5745107e+000  3.3306465e+000  1.3315158e+000  2.3504820e+000
  2.0000000e+000  3.4104251e+000  4.3384110e+000  1.1798091e+000  3.5629715e+000  3.0711866e+000  3.7835147e+000  2.6959676e+000  1.7219214e+000  2.1036280e+000  2.8496876e+000
  2.0000000e+000  3.4616909e+000  3.3675957e+000  2.9357322e+000  1.7948569e+000  3.3547019e+000  2.2258084e+000  2.6385245e+000  3.5939472e+000  3.7781229e+000  2.9575430e+000
  2.0000000e+000  3.9487894e+000  2.3509796e+000  4.5482567e+000  7.8444113e-001  2.2828204e+000  2.6938091e+000  3.3308774e+000  2.2597292e+000  5.1855563e+000  4.3456103e+000
  2.0000000e+000  3.0401251e+000  2.9725455e+000  1.7845148e+000  2.3554216e+000  3.4437753e+000  3.1297027e+000  2.5020730e+000  2.3423437e+000  1.9779408e+000  3.4205790e+000
  2.0000000e+000  3.1465007e+000  2.2674072e+000  2.5260723e+000  2.5193387e+000  5.7663835e+000  3.4545957e+000  2.6468457e+000  1.5026460e+000  4.3913059e+000  2.5074001e+000
  2.0000000e+000  2.6938628e+000  3.5729774e+000  3.6235180e+000  4.4319963e+000  2.7289523e+000  2.8731341e+000  3.2280394e+000  3.0465690e+000  2.8138619e+000  4.0822028e+000
  1.0000000e+000  2.2997590e+000  3.0951540e+000  3.2838122e+000  2.4173422e+000  1.3507382e+000  3.6658815e+000  2.5754572e+000  3.1803768e+000  1.5678627e+000  2.4062811e+000
  2.0000000e+000  3.7192889e+000  2.0061968e+000  2.4956950e+000  3.7290488e+000  2.7339331e+000  4.7219919e+000  2.3962562e+000  2.2695645e+000  2.7887931e+000  1.8992270e+000
  2.0000000e+000  4.6724440e+000  3.5813688e+000  1.9907505e-001  4.3189236e+000  3.3912312e+000  3.2742552e+000  2.4202885e+000  3.3471180e+000  2.5145418e+000  8.8400241e-001
  2.0000000e+000  5.0334759e+000  3.2493293e+000  1.7535567e+000  2.8946592e+000  2.0277194e+000  3.0346421e+000  1.9455424e+000  1.9075480e+000  3.2260776e+000  2.8469737e+000
  2.0000000e+000  1.4462825e+000  4.2672552e+000  2.6149119e+000  1.6777359e+000  5.2009259e+000  1.2982327e+000  2.8198895e+000  4.4486123e+000  2.1183382e+000  4.3730091e+000
  1.0000000e+000  9.9660635e-001  2.5128237e+000  3.9327196e+000  2.9046638e+000  2.3576884e+000  2.8123689e+000  9.2819345e-001  3.7888264e+000  3.4216593e+000  2.2238100e+000
  1.0000000e+000  2.8691981e+000  3.4263058e+000  4.0584766e+000  2.8062735e+000  4.3774376e+000  2.3695166e+000  3.8707307e+000  3.4245484e+000  2.9079280e+000  4.2422242e-001
  1.0000000e+000  2.5858391e+000  3.7493552e+000  2.1222653e+000  3.4287998e+000  2.3980294e+000  1.0904840e+000  2.2808754e+000  3.5047325e+000  2.9821895e+000  3.1815338e+000
  2.0000000e+000  4.2126163e+000  2.9075230e+000  2.3850872e+000  4.2387883e+000  3.0448004e+000  5.0080466e-001  2.9628722e+000  1.8949304e+000  3.7587001e+000  3.8267264e+000
  2.0000000e+000  2.9050262e+000  3.7737562e+000  1.7958253e+000  3.6358240e+000  2.5678878e+000  3.2154604e+000  3.7957879e+000  4.0970495e+000  1.9628286e+000  2.7028186e+000
  2.0000000e+000  3.5491134e+000  4.0597744e+000  2.5233250e+000  2.8947704e+000  3.5940568e+000  4.1598381e+000  2.6711871e+000  2.0755147e+000  4.3216632e+000  3.9225900e+000
  2.0000000e+000  1.7198794e+000  3.2332673e+000  3.9301528e+000  4.6299269e+000  3.9599007e+000  3.3703037e+000  2.3217374e+000  3.9769430e+000  3.5828125e+000  3.0607482e+000
  2.0000000e+000  2.6180959e+000  2.7340328e+000  1.6345613e+000  3.6555641e+000  2.8968263e+000  3.8922623e+000  2.9954147e+000  5.2454130e+000  2.1103762e+000  1.4469289e+000
  2.0000000e+000  1.0959533e+000  5.6956380e+000  4.2117155e+000  1.9968101e+000  4.1213848e+000  3.8808864e+000  2.4411979e+000  3.0902055e+000  1.3668222e+000  2.5813933e+000
  2.0000000e+000  2.7923565e+000  3.2233647e+000  4.0830970e+000  3.8671367e+000  5.3416502e+000  3.7434689e+000  4.2870882e+000  3.9651402e+000  2.4617842e+000  2.2128169e+000
  1.0000000e+000  4.6321777e+000  2.4467746e+000  1.9451701e+000  2.8881067e+000  3.5853790e+000  3.0584550e+000  1.9333611e+000  3.2081875e+000  4.4839571e+000  1.4473411e+000
  1.0000000e+000  1.6484790e+000  2.0777566e+000  2.3295829e+000  3.0381110e+000  2.3472978e+000  2.5340835e+000  2.1459533e+000  3.5042151e+000  4.0582301e+000  3.7347719e+000
  2.0000000e+000  5.5846222e+000  3.4678407e+000  2.1251257e+000  2.8206191e+000  1.9680327e+000  2.6072895e+000  3.4372568e+000  1.7817931e+000  3.4511496e+000  5.1253645e+000
  1.0000000e+000  2.2629739e+000  3.0809569e+000  1.0776961e+000  3.2401249e+000  2.5802682e+000  2.5517994e+000  3.8127292e+000  3.0399875e+000  2.9524544e+000  2.6722358e+000
  2.0000000e+000  3.2236985e+000  5.2236234e+000  3.1472220e+000  3.1196650e+000  2.4869211e+000  2.0606528e+000  2.9511942e+000  1.1071629e+000  4.5403753e+000  2.2328365e+000
  2.0000000e+000  1.3502992e+000  3.3005334e+000  4.4087083e+000  1.7525463e+000  4.1403936e+000  2.6334331e+000  2.1080755e+000  1.6495007e+000  2.7475846e+000  3.5257438e+000
  2.0000000e+000  2.4027373e+000  3.9524726e+000  3.4093716e+000  2.4201695e+000  2.1662458e+000  3.2199977e+000  2.0973148e+000  2.7196375e+000  4.0056207e+000  4.4297732e+000
  2.0000000e+000  3.9722332e+000  2.0270859e+000  3.9806352e+000  4.4015740e+000  5.4340673e+000  2.8429653e+000  4.2622483e+000  2.9752774e+000  3.1136121e+000  3.2187509e+000
  2.0000000e+000  2.9529764e+000  4.2321245e+000  2.8563428e+000  4.0029130e+000  4.9153169e+000  3.9034154e+000  2.6239214e+000  1.4766796e+000  2.7633801e+000  3.3217823e+000
  2.0000000e+000  2.9586925e+000  3.4936657e+000  3.5610077e+000  3.9135757e+000  3.6875618e+000  3.5167034e+000  4.3449872e+000  2.8433601e+000  2.6849098e+000  2.6758583e+000
  2.0000000e+000  3.0703755e+000  1.8788196e+000  1.7264995e+000  2.6354237e+000  3.3677301e+000  3.5488879e+000  4.1633411e+000  4.9915432e+000  3.2579733e+000  2.4483866e+000
  1.0000000e+000  4.5546095e+000  2.0466086e+000  2.1924924e+000  2.3252992e+000  2.8620460e+000  2.1459553e+000  2.9094316e+000  3.2955931e+000  4.5658971e+000  3.9928625e+000
  2.0000000e+000  3.8847018e+000  3.8882711e+000  1.5498160e+000  2.4581638e+000  4.2413763e+000  2.0700296e+000  1.1911702e+000  2.9029033e+000  1.8998362e+000  4.6888823e+000
  2.0000000e+000  3.3808671e+000  2.8064971e+000  2.0597878e+000  1.7533690e+000  3.0552329e+000  1.6005328e+000  3.3102276e+000  5.1017285e+000  2.6557702e+000  2.2288519e+000
  2.0000000e+000  1.3122432e+000  4.0798965e+000  4.8532083e+000  3.2546152e+000  3.6268652e+000  5.8495964e+000  1.6770935e+000  2.8530805e+000  1.9509460e+000  3.8534931e+000
  2.0000000e+000  3.2006881e+000  5.6894399e-001  2.6834242e+000  2.1049582e+000  4.0685800e+000  3.5806465e+000  3.1079194e+000  3.5774760e+000  3.6269030e+000  3.1747165e+000
  2.0000000e+000  4.3855074e+000  3.0179649e+000  4.2283536e+000  1.9343229e+000  4.6671753e+000  3.0612075e+000  3.8934441e+000  2.2114826e+000  2.4374115e+000  2.4244091e+000
  2.0000000e+000  3.1514244e+000  2.7035893e+000  3.9957670e+000  2.5552965e+000  2.5230750e+000  1.8766942e+000  3.0343961e+000  2.6618165e+000  3.7948069e+000  1.8411893e+000
  2.0000000e+000  3.6321258e+000  5.3009415e+000  2.6194292e+000  3.1569369e+000  4.0777799e+000  4.9694897e+000  5.3799767e-001  2.8842964e+000  3.6968893e+000  1.4100811e+000
  1.0000000e+000  1.8689017e+000  2.9938028e+000  3.3877363e+000  3.5907551e+000  3.9245113e+000  1.4973608e+000  3.1451561e+000  3.6567659e+000  3.2817322e+000  1.7044341e+000
  2.0000000e+000  3.3245999e+000  2.5595495e+000  3.7959034e+000  2.2693476e+000  3.4715154e+000  2.2881385e+000  1.3512246e+000  2.7421491e+000  3.1605782e+000  4.1751341e+000
  1.0000000e+000  3.5680867e+000  3.8240704e+000  3.0158523e+000  3.2436170e+000  5.3423467e+000  3.2788987e+000  3.3592470e+000  3.0937481e+000  2.4199228e+000  1.3087112e+000
  2.0000000e+000  4.0212538e+000  1.5176652e+000  3.8777192e+000  3.0719879e+000  3.9409706e+000  4.7243144e+000  4.2184074e+000  4.2850210e+000  3.1354162e+000  1.0324691e+000
  2.0000000e+000  4.9625105e+000  2.9982182e+000  2.3338816e+000  2.2598870e+000  4.1804441e+000  3.6375533e+000  3.7655973e+000  2.9098210e+000  4.2278522e+000  2.8698351e+000
  2.0000000e+000  2.2171850e+000  2.5213405e+000  2.7609761e+000  3.7396045e+000  2.3866535e+000  1.4351220e+000  2.5841977e+000  1.9742266e+000  2.8758591e+000  2.5063549e+000
  2.0000000e+000  5.2480255e+000  1.3424931e+000  1.7246744e+000  3.5178051e+000  2.9462336e+000  3.7113719e+000  2.3701535e+000  1.7770509e+000  2.1977963e+000  3.5896779e+000
  2.0000000e+000  3.4922845e-001  2.9762900e+000  3.0577025e+000  3.2642369e+000  3.9950688e+000  3.3768997e+000  3.6058112e+000  2.9614808e+000  2.6869118e+000  4.1933533e+000
  2.0000000e+000  3.4276432e+000  3.0258464e+000  4.3292315e+000  3.3368840e+000  3.4797793e+000  3.5080393e+000  2.5091616e+000  2.9530575e+000  2.5401074e+000  4.0892183e+000
  2.0000000e+000  1.9445455e+000  2.3038877e+000  3.4825554e+000  4.9717833e+000  2.2015926e+000  3.2223325e+000  2.6769552e+000  3.6901002e+000  1.4497027e+000  4.2705424e+000
  2.0000000e+000  2.9810769e+000  4.5071195e+000  5.5632165e+000  3.6661003e+000  2.9189159e+000  3.1216796e+000  3.5311103e+000  4.1661303e+000  3.3567363e+000  1.5132796e+000
  2.0000000e+000  1.9223716e+000  2.2474495e+000  4.3137857e+000  3.8719908e+000  3.2506198e+000  2.2499852e+000  2.3298716e+000  1.7672420e+000  1.1975012e+000  1.1437697e+000
  2.0000000e+000  2.1940544e+000  2.8467619e+000  1.5985012e+000  3.3064739e+000  4.2370174e+000  4.0168120e+000  3.7010619e+000  2.5393519e+000  4.4477327e+000  2.1738698e+000
  2.0000000e+000  3.7730679e+000  1.9420210e+000  3.6152777e+000  2.3946563e+000  1.4297897e+000  4.1806745e+000  1.4916316e+000  2.0978320e+000  3.5208402e+000  2.8842494e+000
  2.0000000e+000  2.8188793e+000  2.9633572e+000  3.7183459e+000  3.4262406e+000  3.7597559e+000  3.1754728e+000  1.1283887e+000  2.3813341e+000  3.0643198e+000  4.1944503e+000
  2.0000000e+000  2.9084047e+000  3.8843838e+000  2.0795770e+000  1.9014023e+000  4.6722482e+000  1.2223968e+000  3.8290194e+000  2.7749862e+000  5.6160555e-001  3.8571840e+000
  2.0000000e+000  2.2718585e+000  2.4613677e+000  2.5342099e+000  1.1473488e+000  3.7322551e+000  3.0959324e+000  1.0981282e+000  3.8619101e+000  3.1571460e+000  4.1679000e+000
  2.0000000e+000  3.9393700e+000  2.8609662e+000  2.4796018e+000  1.9192220e+000  2.8342256e+000  2.3312471e+000  3.5445724e+000  2.7630881e+000  2.0441944e+000  4.2184715e+000
  2.0000000e+000  2.1384866e+000  3.8902350e+000  4.5240370e+000  3.8248649e+000  5.1672549e+000  3.9881969e+000  7.7836898e-001  2.6360615e+000  2.6815196e+000  1.7423178e+000
  2.0000000e+000  3.7720051e+000  2.3952983e+000  2.3693026e+000  3.9226502e+000  3.5496670e+000  4.0317544e+000  1.6487987e+000  1.9987214e+000  4.2335912e+000  3.1961474e+000
  2.0000000e+000  3.2321966e+000  3.9766723e+000  3.7176751e+000  4.3001884e+000  3.8920041e+000  3.8628895e+000  2.5412197e+000  1.9972313e+000  2.6651996e+000  2.2796835e+000
  2.0000000e+000  4.0894941e+000  3.0717641e+000  2.2901492e+000  1.8600315e+000  3.7220384e+000  2.1424437e+000  4.8631247e+000  3.5742894e+000  1.1538862e+000  3.2356399e+000
  2.0000000e+000  1.6429451e+000  1.9873731e+000  3.3664087e+000  1.3256338e+000  2.4496072e+000  1.7479039e+000  3.5656311e+000  2.3388241e+000  3.9992692e+000  4.4074943e+000
  1.0000000e+000  2.1606755e+000  3.6146447e+000  2.3232845e+000  3.3166495e+000  2.1093185e+000  3.6853741e+000  3.1692247e+000  3.8194876e+000  3.6691100e+000  2.6724502e+000
  1.0000000e+000  3.5463725e+000  3.5068788e+000  3.2402160e+000  3.3355186e+000  2.9260729e+000  2.4923806e+000  2.6928346e+000  3.3373789e+000  1.7016347e+000  4.2997515e+000
  1.0000000e+000  4.7574652e+000  4.8734859e+000  2.9586567e+000  2.7352962e+000  3.4125205e+000  2.7625993e+000  3.7474657e+000  3.1565459e+000  1.6749685e+000  2.7088072e+000
  2.0000000e+000  2.3034956e+000  2.6578240e+000  2.3243348e+000  1.3560354e+000  3.6094691e+000  3.4526195e+000  3.1274811e+000  3.7828723e+000  2.9146402e+000  2.9648785e+000
  2.0000000e+000  3.5722645e+000  3.3192088e+000  1.7153811e+000  4.1467280e+000  4.7661472e+000  3.0416388e+000  3.3944417e+000  2.7795770e+000  1.4227269e+000  2.6960664e+000
  1.0000000e+000  2.2675412e+000  1.3775289e+000  3.1529867e+000  3.5635844e+000  2.3016604e+000  3.7802718e+000  4.3149610e+000  3.2208338e+000  3.2341789e+000  4.4137975e+000
  2.0000000e+000  3.0943194e+000  2.2332842e+000  3.6700558e+000  2.7039689e+000  2.6920921e+000  2.0876698e+000  2.3836787e+000  2.0503831e+000  3.3104150e+000  3.7634542e+000
  2.0000000e+000  1.6716626e+000  1.7254262e+000  2.5157444e+000  4.2296927e+000  1.2875382e+000  3.6525459e+000  2.9178554e+000  4.4361404e+000  2.5860773e+000  4.2039801e+000
  2.0000000e+000  2.5599155e+000  3.8843027e+000  2.2037647e+000  3.7740540e+000  1.2222741e+000  2.3309811e+000  2.9021742e+000  2.3577888e+000  1.2976753e+000  2.4989850e+000
  2.0000000e+000  3.1136394e+000  3.3647622e+000  3.5842740e+000  2.8056937e+000  2.8895211e+000  4.1863890e+000  3.1751596e+000  4.5000588e+000  3.5540957e+000  2.8191989e+000
  2.0000000e+000  2.9653666e+000  3.7829959e+000  4.6631788e+000  3.7380497e+000  9.7544825e-001  3.5627316e+000  4.6275523e+000  2.7980521e+000  2.6312116e+000  1.5705544e+000
  2.0000000e+000  2.7623159e+000  3.1535843e+000  2.0976330e+000  2.8392040e+000  2.5923767e+000  2.8497469e+000  3.1083733e+000  1.7216273e+000  2.2637144e+000  4.2028136e+000
  2.0000000e+000  2.3957573e+000  2.3878484e+000  2.2950356e+000  1.8771093e+000  2.4402914e+000  4.3323205e+000  3.9057667e+000  1.6510956e+000  2.3081593e+000  3.4898612e+000
  2.0000000e+000  1.9064303e+000  2.4091408e+000  4.2125593e+000  4.0430241e+000  2.8414416e+000  4.4627112e+000  2.4461543e+000  2.8734941e+000  3.1495344e+000  4.5965455e+000
  2.0000000e+000  2.5805391e+000  1.9246998e+000  2.0916716e+000  3.4307509e+000  3.9644752e+000  2.1886831e+000  2.3924814e+000  4.4728533e+000  3.1486044e+000  3.2512818e+000
  1.0000000e+000  4.0513604e+000  8.8231953e-001  2.2518776e+000  2.3155652e+000  3.5038703e+000  2.2704183e+000  3.3269665e+000  3.0970717e+000  4.9061822e+000  3.5480355e+000
  1.0000000e+000  4.4270352e+000  4.5382425e+000  5.0079102e+000  2.7706589e+000  2.3881447e+000  4.7368807e+000  3.3233029e+000  3.1618354e+000  5.4206748e+000  2.7468218e+000
  2.0000000e+000  3.3385099e+000  2.7989139e+000  2.1261844e+000  3.3414210e+000  2.3082229e+000  2.5057911e+000  3.4315867e+000  2.0003278e+000  3.1792959e+000  2.1976369e+000
  2.0000000e+000  3.4951989e+000  4.6212683e+000  3.8088517e+000  3.7359246e+000  3.4786861e+000  1.5674895e+000  1.7131319e+000  2.8069570e+000  2.6455234e+000  2.9771286e+000
  1.0000000e+000  4.3391549e+000  2.4517365e+000  3.0060783e+000  3.2140654e+000  1.7722813e+000  3.1103976e+000  3.6908790e+000  3.5011358e+000  4.7498731e+000  1.5529573e+000
  2.0000000e+000  7.1019703e-001  1.5288699e+000  2.5080754e+000  2.6263783e+000  2.0468430e+000  2.5619908e+000  9.1782797e-001  1.6291203e+000  2.2125841e+000  4.0192102e+000
  2.0000000e+000  5.0359897e+000  2.7454760e+000  2.6133563e+000  2.4738139e+000  4.2303756e+000  5.4617186e+000  4.2691416e+000  3.1184068e+000  1.6429807e+000  5.9033835e+000
  2.0000000e+000  4.6569464e-001  2.2690680e+000  3.4719262e+000  3.9397286e+000  3.3969942e+000  2.9396152e+000  2.3994135e+000  1.8561820e+000  2.7746636e+000  3.4963879e+000
  1.0000000e+000  4.4200540e+000  2.8667070e+000  3.1035350e+000  3.7111033e+000  3.3451573e+000  2.5995543e+000  4.5441493e+000  3.2855978e+000  2.4160404e+000  4.1138078e+000
  2.0000000e+000  4.0828404e+000  2.8412766e+000  2.0391484e+000  1.9587315e+000  3.0818872e+000  3.9525658e+000  4.3651972e+000  1.9809107e+000  1.7415162e+000  2.9924981e+000
  2.0000000e+000  4.0762234e+000  2.9699499e+000  3.9549639e+000  4.6842964e+000  2.7568310e+000  3.9925480e+000  3.5018169e+000  2.1617086e+000  2.7903417e+000  3.6374034e+000
  2.0000000e+000  2.5089311e+000  3.8672571e+000  4.3098686e+000  1.3845006e+000  4.9844370e+000  1.9162826e+000  3.6471772e+000  2.0200225e+000  2.6259123e+000  4.0516260e+000
  2.0000000e+000  4.6400704e+000  2.1630803e+000  1.6526404e+000  1.3360153e+000  4.5601466e+000  9.5975805e-001  2.3817767e+000  3.6777545e+000  3.7489469e+000  2.8555635e+000
  2.0000000e+000  2.5215620e+000  3.0216073e+000  2.1370916e+000  2.8410255e+000  2.5117478e+000  3.3450256e+000  3.7233728e+000  2.8799869e+000  2.1518875e+000  2.9838434e+000
  2.0000000e+000  1.5344411e+000  3.5288428e+000  2.1678562e+000  4.3035771e+000  3.8686967e+000  2.8662601e+000  1.7584549e+000  2.5384348e+000  1.7699365e+000  3.4940344e+000
  2.0000000e+000  3.3369695e+000  3.2841574e+000  3.2723544e+000  2.7170040e+000  2.6382437e+000  5.1363141e+000  4.3442740e+000  2.0189146e+000  3.3211560e+000  4.9934989e+000
  2.0000000e+000  4.1876840e+000  1.7813556e+000  4.1812740e+000  2.9533672e+000  3.7091205e+000  4.1942128e+000  3.6995662e+000  2.6616452e+000  3.0855124e+000  3.2962581e+000
