  2.0000000e+000  2.0424859e+000  1.1434394e+000  3.3198883e+000  1.9679870e+000  4.7059723e+000  4.3480775e+000  1.9718906e+000  2.4324827e+000  2.3811228e+000  3.7461666e+000
  2.0000000e+000  3.1748589e+000  1.6358272e+000  2.4035085e+000  2.8271391e+000  2.4733101e+000  1.7815328e+000  3.1474712e+000  1.5594006e+000  2.1201240e+000  4.8033374e+000
  2.0000000e+000  3.5243417e+000  4.0292130e+000  2.3895425e+000  1.9948935e+000  2.9886733e+000  4.4132448e+000  3.2901992e+000  3.0457278e+000  2.6207046e+000  3.1461384e+000
  2.0000000e+000  2.8418286e+000  3.5252964e+000  1.9936234e+000  4.4843520e+000  2.8236806e+000  2.5450260e+000  3.4216719e+000  2.1008407e+000  2.8939287e+000  1.8126653e+000
  2.0000000e+000  4.5913309e+000  3.6513160e+000  2.3509287e+000  1.7127458e+000  4.0860113e+000  3.4326816e+000  2.4579883e+000  2.4652491e+000  4.7129028e+000  4.7650736e+000
  2.0000000e+000  3.4139846e+000  2.7862044e+000  4.6706259e+000  1.2832598e+000  2.3880528e+000  2.3321139e+000  1.7196391e+000  3.5329493e+000  3.5579593e+000  1.9201679e+000
  2.0000000e+000  5.7709215e+000  3.4603809e+000  4.3805438e+000  8.3934870e-001  3.1452149e+000  1.4782866e+000  3.8168932e+000  3.0168035e+000  3.3988493e+000  4.1903182e+000
  2.0000000e+000  1.5561146e+000  3.4851828e+000  4.1450511e+000  1.1570527e-001  3.2518128e+000  2.8093414e+000  3.2200454e+000  3.2280965e+000  3.4033406e+000  2.4621730e+000
  2.0000000e+000  3.3574152e+000  2.4900135e+000  3.8657273e+000  2.1662864e+000  4.1135674e+000  2.8079212e+000  4.3777383e+000  3.6081426e+000  2.9562003e+000  2.4357206e+000
  2.0000000e+000  4.7211998e+000  2.5134691e+000  1.8757588e+000  3.8560485e+000  3.3099299e+000  3.1749719e+000  2.1822851e+000  1.0041122e+000  1.9073675e+000  2.9606202e+000
  2.0000000e+000  3.6864480e+000  3.0883255e+000  2.8515681e+000  3.0054053e+000  1.0219299e+000  3.2849618e+000  4.2646188e+000  3.6307303e+000  2.4502858e+000  2.2479008e+000
  1.0000000e+000  3.2530133e+000  4.3993918e+000  3.4857225e+000  1.1786976e+000  3.5366406e+000  3.8209277e+000  1.6643943e+000  3.8767181e+000  5.2587485e+000  2.6756257e+000
  2.0000000e+000  3.1070567e+000  2.6292032e+000  3.6276156e+000  2.2139291e+000  3.8504741e+000  1.9926560e+000  2.0491064e+000  2.8472313e+000  2.3874415e+000  2.7454010e+000
  2.0000000e+000  2.2406995e+000  3.0343887e+000  3.5335873e+000  4.2315946e+000  2.9092375e+000  1.3627375e+000  1.8245242e+000  3.6556057e+000  4.1892609e+000  3.6448723e+000
  2.0000000e+000  3.3350081e+000  1.2382166e+000  1.7642148e+000  1.6856120e+000  1.0410616e+000  3.0651898e+000  1.5469255e+000  2.8474020e+000  3.5569730e+000  3.8666186e+000
  2.0000000e+000  4.0899993e+000  2.9946265e+000  1.5642160e+000  3.1758686e+000  3.4261750e+000  3.1793840e+000  3.8413992e-001  1.6496615e+000  3.1494594e+000  3.8900495e+000
  2.0000000e+000  3.4273881e+000  2.7073738e+000  3.2876625e+000  3.9898071e+000  2.2260679e+000  2.9606657e+000  4.3948860e+000  4.6076112e+000  3.1913838e+000  4.6838004e+000
  2.0000000e+000  9.9017321e-001  1.4797194e+000  4.9857622e+000  2.7958796e+000  3.5220201e+000  3.5651747e+000  1.3709330e+000  2.5248080e+000  2.6263729e+000  3.9527012e+000
  1.0000000e+000  1.8392816e+000  2.5410925e+000  3.1049814e+000  2.3271586e+000  3.5493772e+000  3.0210706e+000  3.7013453e+000  2.9076160e+000  3.3910290e+000  3.9306573e+000
  1.0000000e+000  2.9665759e+000  9.4201854e-001  3.5024377e+000  3.8926436e+000  3.3663442e+000  3.8212506e+000  3.0904492e+000  3.2471864e+000  2.7660759e+000  2.8621592e+000
  1.0000000e+000  4.8009889e+000  2.0381676e+000  3.6549031e+000  2.5214465e+000  3.2203041e+000  1.6921506e+000  3.3764115e+000  2.3247853e+000  2.9306523e+000  4.4106920e+000
  2.0000000e+000  2.1413313e+000  2.3630528e+000  2.8614511e+000  3.1026801e+000  4.3395685e+000  3.2949562e+000  3.8152824e+000  3.2855044e+000  2.8262094e+000  5.6097869e+000
  2.0000000e+000  2.3850225e+000  2.7959509e+000  3.2050814e+000  2.9966553e+000  2.3121738e+000  4.1305453e+000  2.5881746e+000  3.1312979e+000  3.1991366e+000  2.4549269e+000
  2.0000000e+000  2.0625616e+000  2.5288620e+000  3.7618285e+000  2.2599488e+000  3.1586940e+000  2.1434619e+000  1.5196047e+000  5.2624267e+000  4.7535091e+000  3.3523565e+000
  2.0000000e+000  3.7924701e+000  1.6317812e+000  8.9308626e-001  7.7782489e-001  3.1486650e+000  2.5651331e+000  3.8724207e+000  3.0910680e+000  2.3840101e+000  3.8115041e+000
  1.0000000e+000  1.4967188e+000  3.8329643e+000  3.1516967e+000  2.7991875e+000  3.3774512e+000  2.2545739e+000  2.1109361e+000  3.2440445e+000  3.3557928e+000  3.1292306e+000
  1.0000000e+000  2.3041533e+000  3.9104186e+000  3.4004194e+000  4.6311455e+000  3.2129974e+000  1.9309537e+000  4.7323907e+000  3.2477046e+000  1.8678299e+000  3.2664167e+000
  2.0000000e+000  3.8410585e+000  3.0453525e+000  4.0735510e+000  3.1317295e+000  3.2658809e+000  3.7774570e+000  3.6279073e+000  2.0095041e+000  2.8969733e+000  2.1518849e+000
  2.0000000e+000  2.7533680e+000  3.0456377e+000  1.9529052e+000  3.5565681e+000  9.1381378e-001  2.5895775e+000  3.3075812e+000  2.1879484e+000  2.0512519e+000  3.7625680e+000
  2.0000000e+000  2.8531483e+000  3.1104215e+000  2.8145766e+000  1.4956002e+000  1.0360076e+000  2.7835420e+000  4.1083368e+000  2.7656374e+000  2.3350321e+000  2.7619722e+000
  2.0000000e+000  2.7881427e+000  3.8323340e+000  4.3434418e+000  4.0851785e+000  3.8498789e+000  3.0155645e+000  3.1617728e+000  3.3725151e+000  1.3068208e+000  2.4465512e+000
  2.0000000e+000  2.4573721e+000  2.6267527e+000  1.1398111e+000  3.8136094e+000  2.3686273e+000  3.9519785e+000  3.8717247e+000  4.2648681e+000  2.0269535e+000  2.2240298e+000
  1.0000000e+000  2.5869839e+000  3.4926046e+000  3.8985181e+000  2.1598307e+000  3.1131858e+000  4.4646829e+000  4.4218251e+000  2.8391094e+000  3.4120523e+000  1.9618075e+000
  2.0000000e+000  4.7467438e+000  1.0439267e+000  2.3586840e+000  2.9316093e+000  1.7149274e+000  2.2680157e+000  2.3516871e+000  4.8015028e+000  3.0436507e+000  4.3613850e+000
  2.0000000e+000  4.2552113e+000  2.4454592e+000  3.9986221e+000  4.9041079e+000  3.1817775e+000  1.2802629e+000  2.6482866e+000  4.2407655e+000  3.3395957e+000  3.1156463e+000
  2.0000000e+000  2.6054725e+000  3.2397245e+000  4.4870023e+000  1.3867962e+000  4.0888117e+000  3.0822299e+000  9.8699979e-001  2.3184178e+000  2.7115247e+000  4.2114383e+000
  2.0000000e+000  3.2982803e+000  3.2435903e+000  3.7151175e+000  1.2387568e+000  1.4120123e+000  6.4434226e+000  2.3675572e+000  2.3985818e+000  8.4263865e-001  2.3152164e+000
  2.0000000e+000  3.3460284e+000  2.1030617e+000  4.6860578e+000  3.2673560e+000  2.6787177e+000  3.7917916e+000  3.2519093e+000  2.2491650e+000  2.6353342e+000  1.8214552e+000
  2.0000000e+000  2.8196143e+000  2.9644306e+000  3.7817308e+000  2.3140867e+000  2.9906182e+000  3.2149978e+000  2.0147233e+000  1.8851267e+000  2.1438452e+000  3.7216755e+000
  1.0000000e+000  3.4522626e+000  2.7973180e+000  2.6995705e+000  4.3175501e+000  3.3976178e+000  3.8691337e+000  4.7289992e+000  3.3335881e+000  3.0668249e+000  3.3294427e+000
  2.0000000e+000  2.0069966e+000  3.0363846e+000  3.9035806e+000  3.7990737e+000  2.2292803e+000  3.6783188e+000  3.9897124e+000  2.9455127e+000  4.1847173e+000  2.3459901e+000
  1.0000000e+000  1.9223897e+000  4.2144894e+000  2.9882409e+000  2.8799302e+000  3.6620460e+000  3.4735191e+000  1.7946850e+000  3.4585988e+000  2.3771981e+000  2.9810319e+000
  2.0000000e+000  2.9883362e+000  3.6055109e+000  3.5059420e+000  2.6604887e+000  2.8403396e+000  3.6979139e+000  3.2600211e+000  2.8295668e+000  2.9442179e+000  2.5646608e+000
  1.0000000e+000  2.8719585e+000  3.1780515e+000  2.9284529e+000  2.6201646e+000  3.8361689e+000  4.2313300e+000  2.0085021e+000  3.2016312e+000  2.0620451e+000  2.1802477e+000
  2.0000000e+000  2.6224778e+000  2.5386669e+000  2.6620355e+000  4.1703477e+000  4.3429754e+000  3.1108093e+000  3.6319082e+000  1.7720901e+000  3.9434469e+000  4.2720168e+000
  2.0000000e+000  4.0008830e+000  2.0948929e+000  3.2138260e+000  2.6972878e+000  1.9594889e+000  1.2952117e+000  4.6532545e+000  3.4439553e+000  2.2114181e+000  2.9095152e+000
  2.0000000e+000  3.2476474e+000  5.0893030e+000  1.6883673e+000  1.8154224e+000  3.3599233e+000  8.4182334e-001  3.9166834e+000  3.5997087e+000  2.3052899e+000  4.5554586e+000
  2.0000000e+000  3.6643649e+000  3.1980129e+000  3.3555162e+000  2.0750039e+000  1.9428546e+000  3.1600997e+000  4.2166783e+000  4.9379740e+000  2.9077222e+000  1.1160368e+000
  1.0000000e+000  2.4849380e+000  2.7693240e+000  3.8770594e+000  1.9493021e+000  3.1325983e+000  3.9226395e-001  5.0892998e+000  2.6500264e+000  3.0134384e+000  4.3615033e+000
  1.0000000e+000  4.8637577e+000  2.3077733e+000  3.2524787e+000  3.3710888e+000  3.8049024e+000  4.4288729e+000  3.1083088e+000  2.3251282e+000  2.9171171e+000  3.1775315e+000
  2.0000000e+000  3.4066460e+000  2.9125214e+000  2.1040369e+000  4.1288345e+000  1.1275456e+000  2.4871613e+000  2.8467765e+000  3.9138830e+000  2.9588103e+000  1.0433830e+000
  2.0000000e+000  3.9658786e+000  3.2033768e+000  2.6972554e+000  3.5441485e+000  4.2492332e+000  3.6242964e+000  4.1648699e+000  2.2191663e+000  4.0256789e+000  1.1530955e+000
  2.0000000e+000  1.7976361e+000  4.5541678e+000  1.9401280e+000  3.2478609e+000  5.2739601e+000  4.7914948e+000  2.9475483e+000  3.5830082e+000  3.9077522e+000  3.9817389e+000
  2.0000000e+000  3.1245578e+000  2.8478993e+000  2.6082936e+000  4.7872987e+000  2.2835441e+000  5.0190646e+000  3.3340795e+000  2.8861057e+000  4.1519552e+000  3.4046339e+000
  2.0000000e+000  2.4881150e+000  2.6297009e+000  4.0677871e+000  3.6281769e+000  3.9055686e+000  3.6740297e+000  3.1793430e+000  1.1142653e+000  3.4201318e+000  7.8795503e-001
  2.0000000e+000  5.2810603e+000  4.3716019e+000  3.6732146e+000  3.9829959e+000  2.8395208e+000  2.2817672e+000  5.1588600e-001  3.4000158e+000  3.3286049e+000  2.2865345e+000
  2.0000000e+000  3.5270883e+000  4.1270958e+000  2.4433757e+000  2.0174982e+000  4.2696249e+000  3.5121461e+000  3.3753360e+000  2.4560264e+000  3.5010957e+000  2.5911223e+000
  2.0000000e+000  3.3539683e+000  2.0502456e+000  3.1917071e+000  1.4530424e+000  2.8942482e+000  4.0690237e+000  4.1670082e+000  2.8224167e+000  1.6317120e+000  3.4344875e+000
  2.0000000e+000  2.5740644e+000  2.4451727e+000  3.0582229e+000  4.8569818e+000  4.0433171e+000  3.8333248e+000  1.9517869e+000  1.6728179e+000  3.3709343e+000  3.2063270e+000
  2.0000000e+000  2.3349188e+000  2.1119061e+000  2.4052454e+000  2.5948048e+000  2.8817276e+000  4.4441533e+000  3.5827807e+000  2.7645891e+000  3.0366719e+000  3.4659299e+000
  1.0000000e+000  2.7191356e+000  3.3938627e+000  3.6163215e+000  3.8026964e+000  3.2905647e+000  2.1497729e+000  1.9993716e+000  2.5702114e+000  3.5348312e+000  2.8489819e+000
  2.0000000e+000  2.7451469e+000  2.5581897e+000  6.0957296e-001  3.8163519e+000  1.7455575e+000  2.5974433e+000  3.5905285e+000  3.8338512e+000  3.9813736e+000  1.0329947e+000
  2.0000000e+000  4.0902109e+000  2.4550034e+000  1.9888632e+000  3.6149853e+000  3.8151765e+000  1.3342044e+000  3.1252943e+000  2.7741451e+000  4.2682249e+000  2.3787793e+000
  2.0000000e+000  3.3957099e+000  3.3587591e+000  2.5675583e+000  2.8530535e+000  2.6115748e+000  2.5769386e+000  4.7291937e+000  4.0292716e+000  4.2713756e+000  1.8766525e+000
  2.0000000e+000  3.0244485e+000  2.7155590e+000  4.6260142e+000  1.3384367e+000  3.5349629e+000  2.1471105e+000  3.9866192e+000  3.9912349e+000  9.1368354e-001  3.0959758e+000
  2.0000000e+000  3.1774129e+000  2.7393477e+000  4.4671316e+000  4.3348699e+000  3.1715783e+000  3.0992045e+000  6.2121005e-001  2.2829344e+000  2.6365887e+000  5.2016936e+000
  2.0000000e+000  3.4613221e+000  2.7736084e+000  3.9287640e+000  3.3925973e+000  4.2671500e+000  3.4595773e+000  2.8290486e+000  2.5414103e+000  2.8949656e+000  2.6201740e+000
  2.0000000e+000  2.9464234e+000  2.1942531e+000  2.8831124e+000  1.4956406e+000  2.8589298e+000  2.7936974e+000  3.0523389e+000  1.9919037e+000  1.6644194e+000  1.0914164e+000
  2.0000000e+000  3.8978332e+000  3.1243114e+000  4.6930038e+000  3.8568756e+000  3.9284946e+000  1.1377183e+000  4.3916142e+000  3.0236256e+000  2.6086532e+000  3.8509859e+000
  2.0000000e+000  2.6296656e+000  2.8337593e+000  4.6982955e+000  3.4486357e+000  1.7029737e+000  3.8158210e+000  1.9992943e+000  3.8191556e+000  4.0521118e+000  3.6718111e+000
  2.0000000e+000  2.2219212e+000  3.9546858e+000  2.2544467e+000  3.4008327e+000  5.1344777e+000  5.0837221e+000  1.6729817e+000  2.1335924e+000  2.6067585e+000  5.4460959e+000
  2.0000000e+000  5.1847560e+000  2.1367221e+000  4.0787618e+000  3.5171565e+000  2.7923748e+000  2.3615859e+000  2.2503450e+000  3.7155490e+000  8.7867320e-001  1.7832748e+000
  1.0000000e+000  1.1687618e+000  3.4363001e+000  2.5531468e+000  1.6217756e+000  3.3163268e+000  3.8533599e+000  2.3090020e+000  2.5399588e+000  3.5657569e+000  2.7676487e+000
  1.0000000e+000  3.4371606e+000  1.9120559e+000  3.6857468e+000  3.3004603e+000  3.5148867e+000  2.9791047e+000  2.8411290e+000  1.6920739e+000  5.0682758e+000  3.3342767e+000
  2.0000000e+000  2.5786026e+000  3.9527944e+000  3.4269348e+000  2.9832308e+000  4.4406155e+000  5.4157965e-001  5.3202798e+000  1.8361090e+000  3.0438758e+000  4.7458003e+000
  2.0000000e+000  2.2942398e+000  4.1638679e+000  1.7370563e+000  4.8362641e+000  3.5864071e+000  2.9965359e+000  2.5995581e+000  2.8115029e+000  3.4790295e+000  2.0258350e+000
  2.0000000e+000  3.8844408e+000  3.9313068e+000  3.3441523e+000  3.0822078e+000  2.4979637e+000  1.9667677e+000  2.7374121e+000  3.9168400e+000  2.1957199e+000  2.6667687e+000
  2.0000000e+000  3.6125108e+000  3.5178532e+000  3.0003656e+000  3.3200701e+000  2.8705266e+000  2.4193488e+000  2.4232512e+000  3.3078038e+000  2.0572281e+000  1.3396560e+000
  2.0000000e+000  3.0523493e+000  1.8570268e+000  2.9539111e+000  2.5564874e+000  2.0104282e+000  3.1226534e+000  3.6019918e+000  1.6699775e+000  4.0663164e+000  3.3398130e+000
  2.0000000e+000  2.8999313e+000  2.7433085e+000  3.2367816e+000  2.7715510e+000  2.5224896e+000  5.9945584e-002  2.2148443e+000  3.3337780e+000  4.1769065e+000  3.7570712e+000
  2.0000000e+000  2.0080901e+000  2.8230334e+000  3.5242219e+000  4.7798586e+000  2.9834533e+000  2.9855331e+000  1.4346744e+000  3.8025162e+000  3.0860498e+000  4.5058645e+000
  2.0000000e+000  1.9399567e+000  2.6498755e+000  3.8531918e+000  3.2191605e+000  1.7435819e+000  3.5020280e+000  2.7582792e+000  2.9214335e+000  3.3785243e+000  2.9972854e+000
  2.0000000e+000  1.8648035e+000  4.5231392e+000  3.8968035e+000  2.0278318e+000  4.1341015e+000  3.5829355e+000  1.8400295e+000  4.1167053e+000  3.0143656e+000  2.3150387e+000
  2.0000000e+000  1.9063238e+000  4.7104393e+000  3.4747100e+000  2.9768064e+000  4.2090544e+000  3.1028560e+000  4.4758832e+000  1.5610724e+000  5.9378529e+000  2.6595305e+000
  2.0000000e+000  3.7764695e+000  2.5798256e+000  3.8353518e+000  3.2490263e+000  3.5991480e+000  3.2097159e+000  3.1189880e+000  2.7308049e+000  2.5567227e+000  2.8363050e+000
  2.0000000e+000  3.3575573e+000  2.7353653e+000  3.3291247e+000  1.2767965e+000  2.7975932e+000  3.9786701e+000  2.7647208e+000  8.4980083e-001  3.8417385e+000  2.3961649e+000
  1.0000000e+000  1.9701966e+000  2.4291421e+000  3.1016021e+000  1.6525117e+000  3.3566309e+000  2.5118811e+000  2.2321659e+000  3.0676450e+000  2.9951189e+000  4.3822222e+000
  2.0000000e+000  3.4215703e+000  3.4672459e+000  4.0945826e+000  2.6892351e+000  3.6446424e+000  2.3262407e+000  2.2705255e+000  4.0949987e+000  2.9421840e+000  2.9597331e+000
  2.0000000e+000  2.0932647e+000  3.0939469e+000  3.1760310e+000  2.2242870e+000  2.6135863e+000  5.1048010e+000  2.2521868e+000  8.0441881e-001  2.7025610e+000  1.3204540e+000
  2.0000000e+000  1.7181743e+000  1.4438638e+000  2.5166286e+000  4.2685059e+000  2.5430917e+000  1.9168525e+000  2.8360494e+000  6.1925250e-001  2.7574801e+000  2.9668637e+000
  2.0000000e+000  2.0774690e+000  2.0953958e+000  1.3694824e+000  3.0289137e+000  1.4172493e+000  2.6413318e+000  2.5284361e+000  3.4610488e+000  3.6903454e+000  2.2519952e+000
  2.0000000e+000  3.8801622e+000  3.6044532e+000  2.8404074e+000  2.4177687e+000  1.5454758e+000  2.1814512e+000  4.1862869e+000  1.5161444e+000  4.1003008e+000  1.9930422e+000
  2.0000000e+000  3.7571282e+000  1.8615278e+000  1.9145639e+000  5.3610382e+000  2.4871908e+000  2.0563650e+000  3.4146943e+000  2.3590489e+000  2.5183453e+000  2.8534866e+000
  2.0000000e+000  5.3386608e+000  3.9801969e+000  2.3408377e+000  3.3755525e+000  4.3947943e+000  1.9029831e+000  4.1888736e+000  2.6593790e+000  3.4111899e+000  1.9718110e-001
  2.0000000e+000  5.1111034e+000  4.0335740e+000  1.4740429e+000  9.5069429e-001  3.1792664e+000  1.6675532e+000  3.8263840e+000  2.3840897e+000  3.9457764e+000  1.5614973e+000
  1.0000000e+000  3.1520490e+000  1.9396806e+000  3.0921102e+000  5.2837863e+000  3.3979852e+000  3.5039110e+000  3.3544127e+000  2.5063085e+000  2.4892836e+000  4.5815205e+000
  2.0000000e+000  4.6974507e+000  2.3182164e+000  2.9682710e+000  3.4534748e+000  2.7923923e+000  2.8851730e+000  2.3758700e+000  3.1662196e+000  3.3678039e+000  4.0951717e+000
  2.0000000e+000  2.6825998e+000  2.5769553e+000  3.4793724e+000  2.8615954e+000  3.9412117e+000  2.7568286e+000  3.8099828e+000  3.8315159e+000  3.0646198e+000  1.6931490e+000
  2.0000000e+000  1.7126933e+000  2.6492393e+000  3.2687602e+000  2.8994923e+000  2.7976272e+000  2.8082296e+000  3.2410487e+000  1.6760807e+000  4.2469905e+000  2.6705424e+000
  2.0000000e+000  3.0782206e+000  3.3792011e+000  1.8407077e+000  4.1907939e+000  2.5585434e+000  3.6291285e+000  5.4309991e+000  3.7796760e+000  3.5739273e+000  2.4286079e+000
