  2.0000000e+000  3.3100853e+000  2.1943029e+000  3.4289295e+000  3.2230288e+000  2.5623047e+000  2.7659046e+000  2.9795814e+000  1.6293000e+000  3.6126769e+000  3.4634239e+000
  2.0000000e+000  2.5646209e+000  3.6258515e+000  3.7542095e+000  5.0223446e+000  3.4004058e+000  3.9878943e+000  2.1132699e+000  4.1306810e+000  3.7001495e+000  4.4898187e+000
  2.0000000e+000  3.7392003e+000  2.9466077e+000  2.3090544e+000  2.6927117e+000  4.0746075e+000  4.1228745e+000  4.1228390e+000  3.2301887e+000  3.1793946e+000  3.2966622e+000
  2.0000000e+000  4.4243637e+000  2.7316423e+000  4.2785167e+000  3.3546840e+000  1.4767745e+000  2.1028050e+000  3.5619594e+000  1.8143184e+000  3.3735601e+000  2.8801139e+000
  2.0000000e+000  3.0708514e+000  4.2450458e+000  5.5541868e+000  4.2443556e+000  4.5622487e+000  4.0666548e-001  2.7719618e+000  2.1296034e+000  3.0283676e+000  3.9936314e+000
  2.0000000e+000  3.2751886e+000  2.4861614e+000  3.4646806e+000  3.2258546e+000  3.6590688e+000  2.8117269e+000  2.1191446e+000  3.7242567e+000  1.6164048e+000  4.1769678e+000
  2.0000000e+000  2.0644055e+000  2.7193962e+000  4.3543350e+000  3.0244285e+000  3.6766212e+000  3.0120936e+000  2.7444131e+000  3.9146532e+000  3.4875673e+000  2.5436936e+000
  2.0000000e+000  2.6946936e+000  1.7747611e+000  1.5918068e+000  2.6691739e+000  4.6210233e+000  3.9104996e+000  3.4970571e+000  3.5916836e+000  3.9848566e+000  2.1153975e+000
  2.0000000e+000  1.1348015e+000  2.7509831e+000  2.4726883e+000  3.4830235e+000  3.1230124e+000  1.9786174e+000  2.8993557e+000  2.0642756e+000  1.6163220e+000  2.8493985e+000
  1.0000000e+000  3.4279757e+000  3.3883734e+000  4.5497584e+000  3.8664242e+000  2.2183632e+000  2.0059179e+000  3.6650854e+000  2.8116234e+000  3.6310939e+000  3.8713745e+000
  2.0000000e+000  2.0603162e+000  2.4048308e+000  1.6603033e+000  1.1525222e+000  2.6952659e+000  1.5559062e+000  5.7147947e+000  5.2976819e+000  2.7136798e+000  3.6872721e+000
  1.0000000e+000  3.0441770e+000  3.6568068e+000  3.5204363e+000  4.2209126e+000  2.1033145e+000  1.3755409e+000  4.7345158e+000  2.3607751e+000  3.1871099e+000  3.0523319e+000
  2.0000000e+000  2.7364481e+000  4.5132711e+000  3.8856010e+000  4.9834694e+000  2.7686457e+000  3.4176139e+000  2.4731894e+000  2.3027393e+000  1.7208978e+000  3.4936503e+000
  1.0000000e+000  3.0207965e+000  3.5321449e+000  4.1167910e+000  1.2642318e+000  4.6625602e+000  2.1393023e+000  3.7872004e+000  3.4150399e+000  3.4392643e+000  4.4896512e+000
  2.0000000e+000  4.1599686e+000  2.4175494e+000  5.7318795e+000  2.8841703e+000  4.4240276e+000  3.9006031e+000  3.3498397e+000  4.1615180e+000  3.9844076e+000  3.5451033e+000
  2.0000000e+000  3.5922779e+000  4.0154953e+000  3.1202989e+000  2.6002480e+000  3.3987235e+000  1.6491395e+000  3.6810921e+000  4.9382347e+000  2.6554073e+000  2.3403095e+000
  2.0000000e+000  2.4629772e+000  2.2253794e+000  1.7541237e+000  4.2241223e+000  2.3288509e+000  2.6880244e+000  4.4895565e+000  2.0472299e+000  3.1339539e+000  2.1347805e+000
  2.0000000e+000  2.7053773e+000  3.8713455e+000  2.6019212e+000  2.2465541e+000  1.7534625e+000  3.1853708e+000  2.9787074e+000  2.0922921e+000  2.6253568e+000  2.9948646e+000
  2.0000000e+000  1.9566858e+000  4.4866401e+000  3.2803228e+000  3.5671620e+000  2.1225943e+000  3.3023928e+000  3.5543469e+000  6.4225939e+000  2.6831805e+000  4.1319840e+000
  2.0000000e+000  2.4190404e+000  2.5738633e+000  1.8514423e+000  3.2318009e+000  4.1232820e+000  2.8305113e+000  4.3299733e+000  2.3384016e+000  2.3912666e+000  2.2363390e+000
  1.0000000e+000  3.8049818e+000  3.0613353e+000  2.2140709e+000  4.5404397e+000  3.0713555e+000  4.9347753e+000  4.5423535e+000  2.8334245e+000  3.3048473e+000  4.1379014e+000
  2.0000000e+000  2.3428969e+000  4.5181434e+000  2.0990328e+000  1.2503967e+000  1.7851055e+000  2.3419479e+000  4.3329924e+000  2.0653903e+000  2.9790224e+000  2.8981878e+000
  2.0000000e+000  2.0652732e+000  4.0754353e+000  4.7410332e-001  1.7820903e+000  4.8128098e+000  4.3372718e+000  2.9361073e+000  2.8902600e+000  3.0740144e+000  2.6298401e+000
  2.0000000e+000  2.7099339e+000  3.4352240e+000  3.6835424e+000  3.7444935e+000  5.7352116e-001  1.4860815e+000  1.0717317e+000  4.7116417e+000  2.9491017e+000  1.9523168e+000
  2.0000000e+000  2.9843505e+000  4.2777981e+000  4.3509579e+000  4.3026706e+000  4.4392505e+000  1.8158912e+000  3.1917766e+000  2.2094834e+000  2.0493502e+000  2.2421422e+000
  2.0000000e+000  3.7650952e+000  2.3633461e+000  4.3252368e+000  3.5406586e+000  2.9585539e+000  3.7700658e+000  4.7822520e+000  2.0773806e+000  2.6342784e+000  2.5543165e+000
  2.0000000e+000  4.3614024e+000  4.4163558e+000  4.5176773e+000  3.8655564e+000  2.3471251e+000  8.0485267e-001  2.7665170e+000  3.5903557e+000  4.3641749e+000  3.0820824e+000
  2.0000000e+000  3.6403870e+000  2.2427230e+000  3.1586349e+000  4.8510477e+000  3.2679821e+000  1.9753660e+000  3.5208983e+000  2.7287139e+000  2.7325700e+000  3.0391851e+000
  2.0000000e+000  3.7656434e+000  4.3151467e+000  3.6527444e+000  6.5488435e+000  3.6249287e+000  3.3600096e+000  3.5098985e+000  4.5580761e+000  2.7269278e+000  2.9975916e+000
  2.0000000e+000  3.0745517e+000  4.2200018e+000  4.1966762e+000  8.2713680e-001  1.9665942e+000  4.9725347e+000  3.8145015e+000  2.2630332e+000  3.0633025e+000  4.1240301e+000
  2.0000000e+000  2.8689589e+000  2.9800048e+000  3.9113334e+000  3.9014471e+000  2.6383342e+000  1.6686124e+000  3.5026891e+000  4.1776284e+000  2.0643830e+000  3.7834131e+000
  2.0000000e+000  4.6096200e+000  1.0881666e+000  2.6720015e+000  3.0779425e+000  3.5972888e+000  2.7794876e+000  2.6155297e+000  3.2325739e+000  3.7095427e+000  2.6515522e+000
  2.0000000e+000  3.3982405e+000  3.4496694e+000  5.0874082e+000  2.7181038e+000  3.5136510e+000  2.9283943e+000  3.3483309e+000  4.1789725e+000  2.3736362e+000  1.9869050e+000
  2.0000000e+000  3.1999091e+000  2.3099447e+000  5.4800277e-001  3.1344202e+000  2.5431956e+000  4.5155013e+000  2.6640128e+000  1.9571971e+000  2.2333036e+000  2.8763276e+000
  1.0000000e+000  3.4094537e+000  3.6205010e+000  3.5377314e+000  1.0392938e+000  3.5307351e+000  4.5217405e+000  3.4881742e+000  3.5831137e+000  2.6890130e+000  2.7438084e+000
  2.0000000e+000  2.7058809e+000  5.3942517e+000  3.8847447e+000  7.3487404e-001  2.0684423e+000  3.9973131e+000  2.3602843e+000  1.8917739e+000  4.9292663e+000  2.5164069e+000
  2.0000000e+000  4.2882631e+000  7.0062752e-001  5.2932404e+000  2.8256896e+000  3.0189309e+000  2.7427821e+000  1.4777355e+000  3.3815694e+000  7.8641668e-001  2.7235158e+000
  2.0000000e+000  2.9945269e+000  2.0125545e+000  4.1998032e+000  3.0154455e+000  4.9306134e+000  3.7940907e+000  2.8774367e+000  4.6716606e+000  1.7598511e+000  3.0419429e+000
  2.0000000e+000  3.8955483e+000  3.4581786e+000  4.8228556e+000  4.0134397e+000  3.1032023e+000  1.5795105e+000  3.4413995e+000  4.0720637e+000  1.4232473e+000  4.1151904e+000
  2.0000000e+000  3.9817298e+000  2.1323185e+000  5.7449273e-001  3.4643483e+000  4.7845616e+000  3.9569799e+000  2.7172452e+000  4.7586497e+000  3.3947502e+000  2.6456927e+000
  2.0000000e+000  2.8868777e+000  5.7244937e+000  2.2872080e+000  2.0929897e+000  2.6657627e+000  2.6641106e+000  2.3243779e+000  3.4205052e+000  2.5857350e+000  3.9801303e+000
  2.0000000e+000  2.8974200e+000  3.8046806e+000  2.3106334e+000  2.0428918e+000  1.4568484e+000  4.4346324e+000  4.0287440e+000  2.0415992e+000  4.3009134e+000  3.4739799e+000
  2.0000000e+000  4.6202834e+000  9.5707172e-001  5.4091889e+000  3.1997762e+000  1.8405260e+000  4.6299734e+000  3.5765110e+000  8.8409080e-001  2.3414117e+000  4.4956392e+000
  2.0000000e+000  4.1198185e+000  2.8208866e+000  2.5004372e+000  3.1589721e+000  3.1760597e+000  4.8373401e+000  3.1928269e+000  3.3582168e+000  4.6384763e+000  2.7473557e+000
  2.0000000e+000  4.1484827e+000  2.1876293e+000  4.1632626e+000  2.8990341e+000  3.0911202e+000  3.0018929e+000  3.0908981e+000  2.4819620e+000  3.4931204e+000  2.7239834e+000
  1.0000000e+000  4.3916073e+000  3.6363720e+000  3.1687415e+000  2.2369290e+000  1.8727103e+000  3.9695160e+000  2.7241921e+000  3.5991026e+000  2.1366829e+000  3.9317339e+000
  2.0000000e+000  2.2747421e+000  1.2720532e+000  4.1894633e+000  4.3675286e+000  1.8038223e+000  3.0957055e+000  4.1824786e+000  4.8166642e+000  2.7286514e+000  2.6030414e+000
  1.0000000e+000  2.7564489e+000  3.0798929e+000  2.6192189e+000  2.9135655e+000  3.1740091e+000  3.0550397e+000  1.7786139e+000  3.5049185e+000  3.8184651e+000  1.5465034e+000
  2.0000000e+000  2.5237513e+000  2.1921564e+000  4.5122588e+000  3.0541098e+000  3.2214138e+000  3.7578260e+000  3.2865981e+000  2.4068876e+000  4.0915354e+000  3.2754110e+000
  2.0000000e+000  3.8591692e+000  1.5126380e+000  4.7308635e+000  3.4523321e+000  1.8843534e+000  2.4110902e+000  3.6049071e+000  2.1630524e+000  1.8971088e+000  3.7784315e+000
  2.0000000e+000  3.6541085e+000  2.9045258e+000  2.0910974e+000  2.5966100e+000  4.7401189e+000  1.8356641e+000  2.2510532e+000  2.1938863e+000  3.4591850e+000  2.4764914e+000
  2.0000000e+000  2.1869583e+000  3.3677112e+000  1.6000084e+000  1.7856641e+000  2.7204742e+000  4.2505710e+000  5.3368128e-001  3.9360598e+000  2.1498081e+000  3.1345247e+000
  1.0000000e+000  2.7079505e+000  3.2292564e+000  1.8821120e+000  2.5045355e+000  2.9904692e+000  1.9549201e+000  2.4395682e+000  3.1507266e+000  3.5436069e+000  3.7178591e+000
  1.0000000e+000  2.0799265e+000  3.7924972e+000  1.4709514e+000  3.3192449e+000  2.9499269e+000  2.5683796e+000  1.7912404e+000  3.1536763e+000  3.0102451e+000  2.9899120e+000
  2.0000000e+000  4.3981783e+000  3.3030169e+000  2.7567199e+000  2.8287986e+000  9.7822967e-001  2.1447388e+000  2.7173140e+000  7.3211485e-001  2.8335246e+000  3.0617036e+000
  2.0000000e+000  2.4261511e+000  1.5517274e+000  1.2833907e+000  2.9193944e+000  2.9106138e+000  3.5739951e+000  4.3462421e+000  3.6585189e+000  1.7857440e+000  2.0824674e+000
  2.0000000e+000  1.9909653e+000  4.2815180e+000  2.1915283e+000  3.2244479e+000  3.8526690e+000  2.2597685e+000  4.1763128e+000  2.9471772e+000  2.4377907e+000  3.4502892e+000
  2.0000000e+000  2.4832841e+000  4.6348726e+000  3.1941094e+000  2.0914481e+000  3.0244050e+000  7.8064348e-001  4.1444855e+000  3.5902141e+000  2.7249819e+000  2.6798822e+000
  2.0000000e+000  2.4063418e+000  2.4690919e+000  3.7393026e+000  5.2808602e+000  3.7190746e+000  3.4934729e+000  2.9876145e+000  3.0264547e+000  3.4060548e+000  2.6873766e+000
  2.0000000e+000  1.7144570e+000  2.8455331e+000  2.0938393e+000  1.9236658e+000  3.0513011e+000  3.9588961e+000  2.5383205e+000  3.1608824e+000  3.1820975e+000  3.6720005e+000
  1.0000000e+000  2.7551961e+000  3.2988508e+000  2.6782100e+000  2.9157784e+000  4.7047887e+000  3.5627774e+000  2.8982206e+000  2.1530589e+000  2.1693331e+000  3.7968779e+000
  1.0000000e+000  4.3538291e+000  3.3299377e+000  1.2433942e+000  2.6461052e+000  4.1871705e+000  2.2869870e+000  3.4948038e+000  3.1632309e+000  3.6041118e+000  3.8109956e+000
  2.0000000e+000  3.6710095e+000  4.7959463e+000  3.3607917e+000  1.9770192e+000  3.7881246e+000  4.5636942e+000  3.5747759e+000  4.1752558e+000  2.9602924e+000  4.4268317e+000
  2.0000000e+000  2.5506984e+000  1.5627986e+000  4.1840943e+000  2.8409480e-001  2.4475551e+000  2.2845152e+000  3.1112401e+000  3.0705078e+000  2.1748269e+000  4.2925004e+000
  2.0000000e+000  3.8261220e+000  2.7730373e+000  2.6047972e+000  3.6346899e+000  2.5288621e+000  4.1501555e+000  2.0288180e+000  4.5444962e+000  3.7520986e+000  1.9944416e+000
  2.0000000e+000  2.3367665e+000  3.0491010e+000  2.1316750e+000  2.0209447e+000  2.1924481e+000  2.1931476e+000  4.1931603e+000  5.3080239e+000  4.2733046e+000  5.0274420e+000
  2.0000000e+000  2.1135598e+000  3.9029426e+000  3.2718583e+000  2.4677918e+000  1.7386671e+000  2.7965767e+000  1.6720404e+000  1.4601628e+000  3.9578214e+000  4.7735506e+000
  1.0000000e+000  3.3636280e+000  3.8438806e+000  3.1999691e+000  3.5487949e+000  2.7130650e+000  4.5416506e+000  2.7505939e+000  3.3771865e+000  3.2783646e+000  3.0481106e+000
  1.0000000e+000  3.1559975e+000  3.3954088e+000  3.0302748e+000  2.7137554e+000  3.2002490e+000  3.1281851e+000  2.8940050e+000  3.6934699e+000  3.6419998e+000  1.6651483e+000
  2.0000000e+000  4.6275157e+000  2.9851436e+000  2.9106762e+000  2.8105919e+000  4.7072451e+000  2.0406386e+000  2.6261997e+000  2.3668700e+000  4.0359062e+000  2.7232125e+000
  2.0000000e+000  3.4892804e+000  1.9459924e+000  4.4236903e+000  9.2727396e-001  1.5366753e+000  2.9401523e+000  3.3391738e+000  2.7599804e+000  2.7035796e+000  3.6666856e+000
  2.0000000e+000  2.2955274e+000  2.7800091e+000  3.2113323e+000  1.9762816e+000  2.1510320e+000  3.0986206e+000  1.9035455e+000  2.4634795e+000  1.9479997e+000  2.9370913e+000
  2.0000000e+000  4.7014267e+000  2.6660779e+000  4.3090043e+000  3.7326408e+000  3.6841860e+000  3.6354540e+000  2.9691798e+000  3.1699540e+000  2.8054372e+000  1.3157794e+000
  2.0000000e+000  3.0921273e+000  3.4060522e+000  2.8876414e+000  3.7160936e+000  2.7246289e+000  2.7763276e+000  1.7750190e+000  5.1701895e+000  2.6510385e+000  4.1142118e+000
  2.0000000e+000  2.4340257e+000  4.5309942e+000  3.3535626e+000  1.8712193e+000  4.7966180e+000  3.0759770e+000  3.0756519e+000  2.1612102e+000  3.1563167e+000  3.9969222e+000
  2.0000000e+000  2.7598180e+000  1.5005057e+000  3.8094003e+000  3.3522272e+000  5.1556912e+000  4.7779226e+000  2.5916447e+000  2.3585126e+000  3.6823284e+000  1.9170168e+000
  2.0000000e+000  1.7077556e+000  2.5686568e+000  3.7666178e+000  3.2000670e+000  3.8651398e+000  4.0486520e+000  2.9033734e+000  3.8267337e+000  4.7568699e+000  4.0186934e+000
  2.0000000e+000  3.2607900e+000  2.1730054e+000  2.1231193e+000  3.2790943e+000  2.8898458e+000  2.2615985e+000  1.4510065e+000  1.6200379e+000  2.8170988e+000  3.4889810e+000
  2.0000000e+000  3.4126131e+000  4.3834713e+000  2.6683504e+000  4.7760544e+000  2.3203264e+000  2.4779115e+000  1.8118133e+000  4.5802856e+000  3.0924832e+000  1.4627331e+000
  2.0000000e+000  2.1355861e+000  4.1350184e+000  3.1196506e+000  3.5557740e+000  3.5679236e+000  3.1590060e+000  2.1254957e+000  4.1230499e+000  2.8422800e+000  3.2503761e+000
  2.0000000e+000  1.2496178e+000  4.3210630e+000  3.0661888e+000  2.4114218e+000  2.1468579e+000  2.6855938e+000  4.2644865e+000  1.6050569e+000  4.0133843e+000  3.7031096e+000
  2.0000000e+000  3.9190829e+000  4.1191709e+000  2.7159818e+000  3.3785793e+000  3.8878836e+000  1.2869863e+000  3.8572645e+000  1.4681198e+000  1.6233041e+000  3.9401897e+000
  1.0000000e+000  3.1603531e+000  3.1871689e+000  2.6624930e+000  2.4151887e+000  4.7179593e+000  4.1579158e+000  4.6178591e+000  3.2693967e+000  4.1247308e+000  1.9952806e+000
  2.0000000e+000  3.3169540e+000  2.5684464e+000  1.1169289e+000  2.6698991e+000  4.7639925e+000  2.9073201e+000  4.5081284e+000  3.0030159e+000  5.3147763e+000  3.7735976e+000
  2.0000000e+000  3.9289675e+000  2.3478268e+000  3.1647617e+000  3.0758401e+000  3.7464999e+000  4.5109702e+000  2.2872795e+000  2.5095424e+000  3.5555285e+000  3.1956110e+000
  1.0000000e+000  2.3731148e+000  3.3402736e+000  1.6909233e+000  2.1745832e+000  2.5134351e+000  1.4053920e+000  2.2671490e+000  2.6741410e+000  4.5302143e+000  4.1214376e+000
  2.0000000e+000  3.4238762e+000  2.9094591e+000  3.3523952e+000  1.5587346e+000  3.8144105e+000  3.4079669e+000  4.4755801e+000  1.6569399e+000  2.5395839e+000  2.6061217e+000
  2.0000000e+000  3.3380595e+000  2.5799224e+000  4.0937742e+000  1.4744059e+000  3.0743633e+000  1.1797990e+000  2.0015892e+000  2.1950058e+000  4.0625079e+000  1.9954090e+000
  2.0000000e+000  5.3300882e+000  2.6581526e+000  4.2008733e+000  3.6968167e+000  3.3355054e+000  2.3930447e+000  2.1275152e+000  3.3652075e+000  1.6925798e+000  2.5595115e+000
  2.0000000e+000  3.1021414e+000  5.4768020e+000  4.1306153e+000  3.6691434e+000  4.9436759e+000  4.3285621e+000  2.4884137e+000  3.5907663e+000  3.2476482e+000  2.1828882e+000
  2.0000000e+000  3.3846885e+000  1.7823247e+000  2.0584771e+000  1.7186317e+000  1.0052726e+000  3.1863316e+000  4.1339297e+000  2.4379165e+000  2.6480475e+000  2.7589563e+000
  2.0000000e+000  3.3804210e+000  1.8807564e+000  3.5571974e+000  2.7422876e+000  3.2550982e+000  3.5432574e+000  8.0217474e-001  2.4371183e+000  2.3967597e+000  2.8483079e+000
  2.0000000e+000  2.5730173e+000  1.6273181e+000  2.7829179e+000  3.8365746e+000  2.9831718e+000  3.0178798e+000  2.4118429e+000  2.4379722e+000  1.5175140e+000  2.5629121e+000
  1.0000000e+000  2.9947210e+000  3.0615097e+000  3.3313198e+000  2.4383064e+000  3.3389917e+000  3.0183239e+000  2.0563409e+000  2.8932589e+000  1.6583105e+000  2.4284362e+000
  2.0000000e+000  1.2994524e+000  4.6418043e+000  2.3543563e+000  1.9100454e+000  3.2038420e+000  3.1076303e+000  2.9515020e+000  2.5279139e+000  3.8429168e+000  2.9982189e+000
  2.0000000e+000  4.3905485e+000  4.6596709e+000  3.3573128e+000  2.9225922e+000  1.6246463e+000  2.6917953e+000  2.6496628e+000  3.9423806e+000  2.2886542e+000  1.9704868e+000
  2.0000000e+000  5.8897733e+000  2.9179318e+000  2.3207631e-001  4.4908621e+000  3.8572515e+000  3.7283115e+000  1.8090714e+000  2.5939506e+000  2.9217580e+000  2.8479681e+000
  2.0000000e+000  2.5975606e+000  2.6751826e+000  3.5113632e+000  2.3378166e+000  2.9249629e+000  2.9632107e+000  2.0934303e+000  2.5514508e+000  2.5760145e+000  1.2823871e+000
  1.0000000e+000  2.3957761e+000  3.4322771e+000  3.7423207e+000  3.4242309e+000  3.4961604e+000  3.3174485e+000  3.4695523e+000  2.7485238e+000  1.9714393e+000  3.6504149e+000
  2.0000000e+000  2.9935555e+000  3.9281593e+000  3.7836379e+000  1.1064098e+000  3.0194080e+000  3.7895125e+000  4.3781739e+000  2.2467020e+000  3.4726689e+000  1.4185459e+000
