  2.0000000e+000  2.7578987e+000  4.5156285e+000  2.9523325e+000  3.0115643e+000  3.0507514e+000  4.0121035e+000  4.2288903e+000  2.9667767e+000  1.8746394e+000  1.1793535e+000
  2.0000000e+000  3.2515261e+000  2.4729133e+000  4.3556040e+000  3.4568490e+000  3.1070958e+000  1.8460743e+000  2.2892521e+000  3.6225979e+000  4.1735012e+000  2.5891917e+000
  2.0000000e+000  2.4884871e+000  2.5673026e+000  2.1129455e+000  2.6644538e+000  3.2815854e+000  2.6740776e+000  3.2253724e+000  1.2192007e+000  2.8133665e+000  2.9917671e+000
  2.0000000e+000  3.5633575e+000  2.6161432e+000  3.2493730e+000  1.1484027e+000  2.1702579e+000  2.2650600e+000  1.3289962e+000  4.5338815e+000  3.3149937e+000  3.1519249e+000
  2.0000000e+000  3.7457566e+000  3.8399652e+000  5.1658750e+000  2.9783959e+000  2.9911571e+000  3.2027178e+000  2.4063656e+000  2.9902957e+000  2.2859050e+000  6.2173657e-001
  2.0000000e+000  2.7096816e+000  2.3782634e+000  1.3373720e+000  1.0005131e+000  8.4465897e-001  2.3196873e+000  1.6273655e+000  2.4321928e+000  3.5669980e+000  1.4665857e+000
  2.0000000e+000  3.2462179e+000  2.3666721e+000  1.8667332e+000  3.4233327e+000  4.5003429e+000  2.4426127e+000  3.0577055e+000  4.7609302e+000  3.2796603e+000  4.2633983e+000
  1.0000000e+000  4.7492620e+000  2.0876516e+000  3.5225863e+000  2.3151727e+000  3.6329603e+000  4.9010785e+000  1.9933499e+000  3.5198530e+000  3.5469870e+000  4.5111881e+000
  1.0000000e+000  2.8353079e+000  1.9318361e+000  2.8295630e+000  3.4871644e+000  2.5810511e+000  2.5444357e+000  1.8034975e+000  3.6748845e+000  1.1882865e+000  1.9571523e+000
  2.0000000e+000  3.7123202e+000  2.5177716e+000  1.8762240e+000  2.3206112e+000  4.0513051e+000  3.0471907e+000  4.2453351e+000  2.2828150e+000  3.7669141e+000  4.3744155e+000
  1.0000000e+000  3.2505831e+000  4.0847343e+000  3.0709043e+000  2.8437624e+000  3.7279974e+000  2.4241754e+000  3.2680467e+000  3.3971099e+000  2.6100884e+000  3.8007288e+000
  2.0000000e+000  4.7300265e+000  2.6519487e+000  1.6273366e+000  2.1790038e+000  3.3389848e+000  2.5633266e+000  2.6280073e+000  2.1953877e+000  3.7967387e+000  4.1635685e+000
  2.0000000e+000  2.4297392e+000  3.6131996e+000  2.7575882e+000  3.4270816e+000  3.3461781e+000  4.4058136e+000  3.6826404e+000  1.3562070e+000  2.5099166e+000  2.2220966e+000
  2.0000000e+000  3.4004814e+000  1.9480835e+000  2.5198578e+000  3.7464144e+000  4.4468130e+000  3.9727277e+000  1.9583350e+000  4.5761692e+000  4.9945402e+000  2.6247260e+000
  1.0000000e+000  4.3892054e+000  3.3133790e+000  3.8719353e+000  3.0934323e+000  2.9007046e+000  3.1614861e+000  3.6615158e+000  3.0534129e+000  2.4139009e+000  3.6365883e+000
  2.0000000e+000  1.6268890e+000  2.5539057e+000  1.9444842e+000  8.8759517e-001  2.8366318e+000  4.1050814e+000  4.5675188e+000  5.5067227e+000  2.3472810e+000  2.8278130e+000
  2.0000000e+000  3.4105871e+000  2.4143203e+000  2.0837739e+000  2.3248532e+000  3.0882510e+000  3.1045571e+000  3.3003016e+000  3.4557762e+000  3.7961155e+000  4.1835048e+000
  2.0000000e+000  3.6581855e+000  2.9548198e+000  3.2981178e+000  2.7578975e+000  2.9428673e+000  4.3925567e+000  2.8581213e+000  2.2689128e+000  3.3486118e+000  2.3492831e+000
  2.0000000e+000  2.6654625e+000  3.8302415e+000  3.4607714e+000  2.4084437e+000  2.6232571e+000  3.1428922e+000  3.9072256e+000  2.1582844e+000  4.2279345e+000  2.3053103e+000
  2.0000000e+000  5.0582616e+000  2.3073284e+000  3.6765468e+000  4.6696901e+000  4.4803148e+000  1.5966049e+000  4.1060662e+000  2.9569327e+000  1.3847726e+000  2.0731752e+000
  2.0000000e+000  4.2044633e+000  3.4436060e+000  1.4791764e+000  4.7021290e+000  3.6489316e+000  3.1189345e+000  9.9083366e-001  3.6885828e+000  3.0516224e+000  1.4611138e+000
  2.0000000e+000  1.8152217e+000  1.9198762e+000  4.7328405e+000  3.1860609e+000  2.8394936e+000  3.5252585e+000  3.3082894e+000  3.5686716e+000  3.7996505e+000  4.3466580e+000
  2.0000000e+000  1.7804749e+000  2.8444746e+000  3.1864482e+000  2.6136305e+000  1.6171767e+000  3.7619122e+000  3.6499087e+000  2.9055657e+000  3.3036357e+000  2.8652182e+000
  2.0000000e+000  4.4030030e+000  2.5744399e+000  3.2792121e+000  4.8148186e+000  2.6354834e+000  2.1212060e+000  4.6983411e+000  2.9548684e+000  5.1189340e+000  5.1079709e+000
  2.0000000e+000  2.4781472e+000  2.7680490e+000  4.7285666e+000  2.8809453e+000  3.0226287e+000  3.9844555e+000  3.0068473e+000  3.6324991e+000  2.9560279e+000  1.9145646e+000
  2.0000000e+000  1.5055040e+000  3.1541982e+000  3.0367213e+000  3.7852638e+000  4.1469828e+000  2.5828908e+000  1.9626407e+000  1.8475929e+000  7.2526208e-001  1.1560223e+000
  1.0000000e+000  4.0799324e+000  2.3460325e+000  3.0208703e+000  3.9961096e+000  3.0087866e+000  2.8714643e+000  1.7681867e+000  3.0806486e+000  4.4171703e+000  2.9845792e+000
  2.0000000e+000  1.8234356e+000  2.3720919e+000  4.6413359e+000  2.2332072e+000  4.4513625e+000  1.8179068e+000  3.3462229e+000  2.8294670e+000  1.8180936e+000  3.1945660e+000
  2.0000000e+000  2.6604593e+000  3.5418022e+000  2.3159492e+000  3.9739088e+000  4.0610815e+000  2.3875709e+000  3.4947883e+000  2.3961210e+000  1.3322146e+000  2.0740776e+000
  2.0000000e+000  2.3418292e+000  1.4283325e+000  1.5528092e+000  2.6010995e+000  2.5064261e+000  1.9519825e+000  3.5491657e+000  2.6523136e+000  3.2597207e+000  1.8409366e+000
  1.0000000e+000  2.3854017e+000  1.6243850e+000  2.9759772e+000  3.1056983e+000  4.7529739e+000  3.6727930e+000  3.5579502e+000  3.2132783e+000  2.7111393e+000  1.7168524e+000
  1.0000000e+000  1.4525907e+000  2.2189170e+000  2.2862904e+000  1.4003670e+000  3.4352499e+000  2.4229034e+000  3.0032803e+000  3.5140831e+000  3.2294595e+000  2.6073713e+000
  2.0000000e+000  1.5684920e+000  2.3561794e+000  2.3687640e+000  1.6480912e+000  4.0725482e+000  2.5076751e+000  3.6251987e+000  4.5093229e+000  1.5807386e+000  4.2240438e+000
  2.0000000e+000  4.7856183e+000  4.0573352e+000  5.7906530e+000  3.3802003e+000  3.9083705e+000  5.8073889e-001  3.6410700e+000  3.3661956e+000  2.6144318e+000  2.6918759e-001
  1.0000000e+000  2.8661514e+000  2.6017967e+000  3.0123176e+000  2.4531127e+000  1.6057960e+000  3.1680790e+000  3.5524759e+000  3.0244965e+000  2.4890329e+000  3.8027922e+000
  2.0000000e+000  4.1508116e+000  3.7436820e+000  3.4469744e+000  2.6318812e+000  3.7315434e+000  2.7449101e+000  3.4289456e+000  9.1112041e-001  1.2047380e+000  2.5225475e+000
  1.0000000e+000  2.6483484e+000  4.0722104e+000  3.2669213e+000  2.4812355e+000  3.5266952e+000  3.5887266e+000  3.1671276e+000  3.0540327e+000  4.9457746e+000  3.3728237e+000
  2.0000000e+000  3.2020668e+000  3.6138945e+000  4.5173271e+000  2.8354558e+000  2.8868083e+000  4.0021924e+000  2.9972550e+000  2.0648081e+000  4.3731524e+000  3.1749672e+000
  1.0000000e+000  2.0631401e+000  8.9458521e-001  3.6824601e+000  3.4168896e+000  1.6414049e+000  3.0274129e+000  1.9104561e+000  3.2639506e+000  4.2084666e+000  3.4520000e+000
  2.0000000e+000  2.4342254e+000  1.0810160e+000  1.2267412e+000  3.4486938e+000  4.7976483e+000  3.4245438e+000  1.9310371e+000  1.9797040e+000  1.9137832e+000  3.2079100e+000
  2.0000000e+000  3.5882704e+000  3.7751470e+000  1.2335787e+000  2.9522268e+000  3.8871640e+000  4.6470819e+000  2.8341756e+000  2.0070130e+000  3.1797047e+000  5.4531154e+000
  1.0000000e+000  3.4444250e+000  2.4736880e+000  2.3029158e+000  2.9377275e+000  5.1978799e+000  2.5302368e+000  4.0271201e+000  3.4798200e+000  3.6114013e+000  2.6411064e+000
  2.0000000e+000  2.4882505e+000  3.7556052e+000  2.5771102e+000  3.6066150e+000  3.6999606e+000  5.3631316e+000  1.4418189e+000  7.8066401e-001  3.7990980e+000  2.7127153e+000
  2.0000000e+000  1.5191850e+000  3.7228513e+000  4.8096858e+000  3.6245807e+000  1.6079700e+000  3.9212873e+000  3.6792145e+000  2.5613634e+000  1.8864716e+000  2.0746809e+000
  2.0000000e+000  5.6263223e+000  3.0801267e+000  2.1764746e+000  4.1654185e+000  1.8826926e+000  2.1559182e+000  2.2045627e+000  1.1926194e+000  2.3450149e+000  1.5386251e+000
  2.0000000e+000  3.9882043e+000  1.4032281e+000  2.0729778e+000  3.1771233e+000  3.3992974e+000  2.2874311e+000  1.5299232e+000  3.6057762e+000  3.4911621e+000  3.4995116e+000
  2.0000000e+000  3.4703957e+000  3.3623530e+000  2.8442364e+000  1.6583864e+000  3.0289284e+000  1.9096302e+000  2.6160498e+000  4.8551254e+000  4.0890920e+000  4.0677006e+000
  2.0000000e+000  2.2118167e+000  2.7453470e+000  2.9321321e+000  1.7929890e+000  2.3517039e+000  3.5661857e+000  3.9562459e+000  4.2054922e+000  3.4219994e+000  3.3238218e+000
  1.0000000e+000  1.0671737e+000  4.6609528e+000  2.9131736e+000  3.2201607e+000  1.3242293e+000  3.4132851e+000  1.4721698e+000  3.3468136e+000  1.7828019e+000  1.9520119e+000
  1.0000000e+000  4.1726249e+000  3.5637123e+000  3.3098099e+000  1.0364916e+000  2.4921283e+000  3.3898212e+000  2.7473314e+000  3.4126816e+000  4.3259202e+000  3.0881526e+000
  2.0000000e+000  3.2116391e+000  4.5585646e+000  1.6074097e+000  1.7590446e+000  1.5347396e+000  3.5958150e+000  2.4571774e+000  2.7938715e+000  2.1104036e+000  3.4237334e+000
  2.0000000e+000  2.9731856e+000  3.5270113e+000  4.6310463e+000  2.8130025e+000  1.3871011e+000  3.6120439e+000  3.5561823e+000  2.6235116e+000  2.6146283e+000  3.6375533e+000
  1.0000000e+000  3.7395573e+000  3.6413967e+000  3.4233391e+000  3.9471275e+000  3.5173163e+000  4.5422807e+000  1.8890727e+000  3.0272201e+000  3.3383461e+000  3.3981218e+000
  2.0000000e+000  1.6484899e+000  2.8985273e+000  2.8058374e+000  4.8506161e+000  3.0814108e+000  1.8536817e+000  2.9505914e+000  2.7052676e+000  5.1367892e+000  5.2517240e+000
  2.0000000e+000  2.8149298e+000  2.6346235e+000  2.8835424e+000  4.8905429e+000  4.0309382e+000  2.4896654e+000  1.7913472e+000  4.9212864e+000  4.6977161e+000  2.5970659e+000
  2.0000000e+000  2.5340679e+000  2.3313316e+000  3.0328386e+000  2.9973925e+000  1.7559410e+000  2.8597567e+000  4.3509042e+000  2.8390926e+000  2.5201636e+000  2.0827743e+000
  2.0000000e+000  9.9696055e-001  2.4307818e+000  1.6366447e+000  3.3236462e+000  1.3719881e+000  3.8515407e+000  3.6094919e+000  2.1168287e+000  2.9308554e+000  2.9364771e+000
  2.0000000e+000  3.6575385e+000  3.0240223e+000  2.9935584e+000  3.4179393e+000  3.4309546e+000  1.9175639e+000  3.0253110e+000  4.8589527e+000  2.9965385e-001  3.7490766e+000
  1.0000000e+000  3.1643635e+000  3.5370931e+000  2.5798322e+000  3.3241689e+000  1.6349745e+000  4.3834590e+000  3.7047501e+000  3.4470391e+000  3.7973475e+000  3.4065656e+000
  2.0000000e+000  3.5881561e+000  4.9991376e+000  3.7109295e+000  2.6076276e+000  3.1139855e+000  3.4878793e+000  7.9215972e-001  3.3163836e+000  3.5085431e+000  2.7326755e+000
  2.0000000e+000  3.8594828e+000  1.8731160e+000  1.6782362e+000  2.9507020e+000  3.1250815e+000  4.3161117e+000  2.3619738e+000  2.9204728e+000  2.2831557e+000  1.9018657e+000
  2.0000000e+000  2.7508878e+000  2.9386873e+000  2.3364353e+000  4.0312735e+000  3.2752785e+000  3.6709567e+000  2.4528225e+000  2.9897898e+000  3.9138792e+000  3.3242284e+000
  1.0000000e+000  1.7024000e+000  2.8773716e+000  2.3260059e+000  8.9311527e-001  4.2259590e+000  3.0302708e+000  4.1307229e+000  3.5866294e+000  2.2845299e+000  3.9143913e+000
  2.0000000e+000  3.3459512e+000  2.7880514e+000  1.1297467e+000  1.4468111e+000  1.1108927e+000  4.4495910e+000  4.8507094e+000  1.9745861e+000  2.3742493e+000  2.9437713e+000
  2.0000000e+000  3.8051049e+000  4.0156899e+000  3.3385123e+000  3.1449887e+000  2.4117449e+000  3.7188301e+000  4.3014758e+000  2.9159450e+000  3.8899617e+000  3.5299837e+000
  1.0000000e+000  2.2552436e+000  4.2266925e+000  3.5211683e+000  4.2177939e+000  3.1551175e+000  2.6909549e+000  2.9486113e+000  3.8323670e+000  4.1569955e+000  3.3163626e+000
  2.0000000e+000  2.4446607e+000  2.6531319e+000  1.5593183e+000  3.5132598e+000  3.2707692e+000  4.0875612e+000  2.8421848e+000  2.8534727e+000  2.1473688e+000  3.7641248e+000
  2.0000000e+000  3.4739002e+000  2.4177927e+000  3.2702189e+000  2.7039080e+000  1.5826906e+000  2.1804066e+000  3.7250701e+000  1.8506125e+000  1.6588858e+000  2.8007489e+000
  2.0000000e+000  2.3404772e+000  2.9896252e+000  1.3360663e+000  2.0748350e+000  3.9991739e+000  3.2904297e+000  2.0853291e+000  4.3019529e+000  4.2820953e+000  1.1251447e+000
  2.0000000e+000  2.5619660e+000  4.0965289e+000  2.6351475e+000  3.5091778e+000  2.6053227e+000  2.5178392e+000  3.4364696e+000  5.0008791e+000  8.4161174e-002  3.4808055e+000
  2.0000000e+000  2.3096990e+000  2.8849311e+000  4.7811681e+000  4.4921040e+000  3.2415012e+000  3.6503362e+000  2.8666685e+000  3.7122961e+000  3.5486779e+000  3.7564229e+000
  1.0000000e+000  1.1652885e+000  4.0882529e+000  2.7415912e+000  2.8527868e+000  2.9116460e+000  2.2371855e+000  2.7996878e+000  3.4336923e+000  2.9045009e+000  2.2439810e+000
  1.0000000e+000  4.1377208e+000  3.3757951e+000  3.5204413e+000  2.8740849e+000  4.2154850e+000  3.1004834e+000  3.6273887e+000  3.1920260e+000  1.3876487e+000  3.0136084e+000
  1.0000000e+000  2.3538753e+000  3.3153732e+000  2.9069558e+000  2.7601871e+000  4.3650265e+000  2.9773611e+000  2.5987927e+000  3.1420783e+000  4.4987034e+000  1.9873829e+000
  2.0000000e+000  2.3549132e+000  1.4860369e+000  2.6640987e+000  3.1525559e+000  1.2832507e+000  3.0219293e+000  2.3151841e+000  2.9168533e+000  2.9280926e+000  2.6122876e+000
  2.0000000e+000  3.5534649e+000  4.1754501e+000  4.7003168e+000  3.3577456e+000  2.2364901e+000  2.2262746e+000  2.8434720e+000  2.9453338e+000  2.9986562e+000  1.3020841e+000
  2.0000000e+000  3.6332674e+000  2.8590561e+000  3.9168165e+000  3.7134697e+000  2.4422604e+000  1.6661114e+000  1.8376086e+000  1.0524781e-001  4.4194913e-001  3.0895654e+000
  2.0000000e+000  3.5747387e+000  2.5923081e+000  2.6015023e+000  2.4095862e+000  1.9145208e+000  1.7500954e+000  3.0994896e+000  4.4364249e+000  4.0307101e+000  4.7319549e+000
  2.0000000e+000  7.3105433e-001  2.2108569e+000  2.9994079e+000  2.7210101e+000  1.8900431e+000  2.8306914e+000  4.2950215e+000  2.2826704e+000  4.2086749e+000  3.8221565e+000
  1.0000000e+000  4.3018742e+000  2.2934394e+000  2.3453876e+000  3.3059066e+000  5.5920280e-001  2.5251698e+000  3.1352021e+000  3.7479959e+000  2.4503625e+000  4.7022969e+000
  1.0000000e+000  3.6757395e+000  3.0430725e+000  2.5027260e+000  2.6413659e+000  2.9320155e+000  3.0181345e+000  1.3876588e+000  3.8076542e+000  3.8685452e+000  2.4892419e+000
  2.0000000e+000  2.7136782e+000  2.7375199e+000  4.1067629e+000  2.8328421e+000  3.6811393e+000  3.0914473e+000  1.9878368e+000  4.3008164e+000  3.2311531e+000  2.9892246e+000
  2.0000000e+000  3.1664766e+000  2.8326278e+000  2.2678160e+000  7.5599394e-001  1.3464600e+000  3.9843560e+000  3.3432738e+000  2.9782356e+000  4.3543899e+000  3.7115587e+000
  2.0000000e+000  4.4921122e+000  2.7089671e+000  1.7802240e+000  4.3483234e+000  2.1305109e+000  4.0657075e+000  2.8957532e+000  3.5909112e-001  4.0810045e+000  2.6143242e+000
  2.0000000e+000  2.7933070e+000  2.5742806e+000  3.5538422e+000  3.7784167e+000  1.4093810e+000  2.5814189e+000  1.6188045e+000  1.9398951e+000  3.3528914e+000  3.8329813e+000
  2.0000000e+000  3.6726981e+000  1.2820395e+000  3.1496167e+000  3.4112497e+000  3.4696736e-001  4.3366015e+000  1.6513162e+000  1.6275924e+000  3.7555200e+000  1.8336672e+000
  2.0000000e+000  2.9291614e+000  1.9442851e+000  2.9930375e+000  2.2656976e+000  1.1526274e+000  3.4986427e+000  1.2289976e+000  4.7737609e+000  1.8756197e+000  3.6010486e+000
  2.0000000e+000  3.8429132e+000  5.8218916e+000  2.7677770e+000  2.8349297e+000  4.8267231e+000  3.6168057e+000  2.9245405e+000  2.1658397e+000  2.6631799e+000  1.3833759e+000
  2.0000000e+000  2.3646775e+000  1.7412498e+000  3.0748030e+000  3.1459931e+000  3.2850548e+000  2.8997851e+000  3.9430249e+000  2.7958775e+000  2.7876271e+000  3.4524782e+000
  2.0000000e+000  3.0722121e+000  2.5352967e+000  4.0162828e+000  4.3533039e+000 -3.5554045e-002  2.4947405e+000  2.5724784e+000  2.9969713e+000  2.4925096e+000  2.6238034e+000
  1.0000000e+000  3.4376299e+000  4.0085210e+000  2.9391503e+000  2.8021864e+000  5.2457333e+000  3.8266273e+000  2.3147112e+000  3.0576436e+000  2.2848233e+000  3.8495729e+000
  2.0000000e+000  3.6287006e+000  3.0744221e+000  4.4824350e+000  3.4627996e+000  2.0274473e+000  3.7711461e+000  2.2610737e+000  2.9559009e+000  4.5057401e+000  3.8923252e+000
  2.0000000e+000  3.5381505e+000  2.5940238e+000  2.5929374e+000  3.6745142e+000  2.8997732e+000  2.7767073e+000  5.0082070e+000  3.3041984e+000  2.6856840e+000  2.2490463e+000
  2.0000000e+000  1.5492412e+000  3.6124159e+000  2.1702357e+000  2.5955287e+000  3.0188545e+000  2.3148195e+000  3.1094105e+000  2.1844367e+000  2.0002517e+000  3.5450477e+000
  2.0000000e+000  4.3139499e+000  2.6148494e+000  1.9754513e+000  3.1549085e+000  2.4017202e+000  3.3970157e+000  3.2779685e+000  2.1988432e+000  2.3497371e+000  3.0127294e+000
  2.0000000e+000  2.4837992e+000  1.8894555e+000  4.3421870e+000  2.4879336e+000  3.9405131e+000  1.1421284e+000  2.3587053e+000  3.7110644e+000  2.5341778e+000  4.8915305e+000
  2.0000000e+000  3.7295103e+000  1.6942101e+000  2.4963295e+000  2.4092433e+000  3.5850330e+000  1.7762695e+000  3.2823031e+000  2.6330147e+000  2.3344878e+000  2.7216547e+000
  2.0000000e+000  1.4422157e+000  4.1406608e+000  4.0809662e+000  2.7751246e+000  3.1767144e+000  1.7775204e+000  1.9860257e+000  1.3904017e+000  2.7786381e+000  4.0457988e+000
  2.0000000e+000  1.3198884e+000  2.8767328e+000  2.9811035e+000  1.7518459e+000  1.6382319e+000  4.0404188e+000  3.2706450e+000  2.6497424e+000  3.2830040e+000  3.6006491e+000
  2.0000000e+000  2.1615315e+000  2.5050690e+000  3.8194853e+000  4.2389877e+000  2.9226195e+000  3.1990264e+000  3.4839678e+000  3.9089228e+000  3.4961742e+000  3.8829247e+000
