  2.0000000e+000  3.8450309e+000  3.1259071e+000  4.9522666e+000  2.7338797e+000  3.3484063e+000  2.9026940e+000  2.4117654e+000  3.6650190e+000  2.2130131e+000  4.1979240e+000
  2.0000000e+000  1.9005720e+000  2.2352946e+000  3.9072508e+000  4.0101754e+000  3.2110741e+000  3.6894897e+000  2.0525745e+000  3.6819806e+000  3.1930922e+000  1.5655238e+000
  2.0000000e+000  3.3794753e+000  1.5680352e+000  1.8393294e+000  3.7080483e+000  2.3088758e+000  1.6009625e+000  2.1085460e+000  1.6290300e+000  2.2169096e+000  4.9302905e+000
  2.0000000e+000  4.5766535e+000  4.6161517e+000  2.9001513e+000  4.6066446e+000  2.6503453e+000  2.9609239e+000  3.7964413e+000  2.1087140e+000  4.2720187e+000  3.3621437e+000
  2.0000000e+000  2.1760495e+000  1.9669114e+000  2.8189813e+000  2.9123824e+000  2.5614878e+000  3.4543711e+000  4.1324456e+000  4.3706013e+000  4.8712427e+000  2.9074288e+000
  2.0000000e+000  4.7573445e+000  3.7386927e+000  3.9959011e+000  3.0197408e+000  2.8653037e+000  2.5149090e+000  2.9828636e+000  3.7213163e+000  4.9026039e+000  2.2573150e+000
  2.0000000e+000  2.9308606e+000  2.5794424e+000  3.8355860e+000  4.5126655e+000  4.9444579e+000  4.9868398e+000  3.6598976e+000  2.9267009e+000  1.7656297e-001  2.3053322e+000
  1.0000000e+000  2.1645047e+000  3.0653357e+000  3.0323731e+000  4.2996969e+000  2.7990348e+000  2.3812436e+000  3.4033677e+000  2.4620612e+000  1.6539566e+000  3.3615320e+000
  2.0000000e+000  3.3882988e+000  3.4260821e+000  1.1942581e+000  2.8742667e+000  4.7574081e+000  4.5667218e+000  2.6374209e+000  2.1136045e+000  2.9995646e+000  1.5705205e+000
  1.0000000e+000  3.1623635e+000  3.9462936e+000  1.8952104e+000  3.0551231e+000  3.0183453e+000  7.1564476e-001  7.7440988e-001  1.6563028e-001  3.1575523e+000  3.0377632e+000
  2.0000000e+000  2.3351665e+000  2.1745232e+000  3.4469981e+000  3.2937428e+000  2.1773652e+000  2.4857626e+000  1.6351699e+000  9.8602056e-001  3.5518373e+000  2.1312023e+000
  2.0000000e+000  3.5333401e+000  2.4268119e+000  2.4117275e+000  1.9857775e+000  1.3726234e+000  2.7038202e+000  3.3380208e+000  9.8793529e-001  2.7031313e+000  1.4155751e+000
  2.0000000e+000  2.1675846e+000  2.1278817e+000  1.4424524e+000  2.8855660e+000  2.3223548e+000  8.6941047e-001  2.1173962e+000  3.5928996e+000  2.7267881e+000  2.3462436e+000
  2.0000000e+000  2.6024757e+000  3.2063669e+000  3.4940138e+000  3.3077743e+000  2.3134649e+000  3.2136631e+000  3.4107089e+000  4.2300089e+000  2.8668907e+000  4.4165841e+000
  2.0000000e+000  4.2711253e+000  3.0584738e+000  1.1995052e+000  3.4453784e+000  3.6345368e+000  2.7546393e+000  1.2587800e+000  3.5699125e+000  1.9579417e+000  2.6394421e+000
  2.0000000e+000  2.3771636e+000  4.3581030e+000  3.0635273e+000  2.7737304e+000  3.7725970e+000  2.7182758e+000  3.1288544e+000  9.1745409e-002  2.8045431e+000  3.6448846e+000
  2.0000000e+000  2.7084654e+000  3.5673375e+000  2.6323575e+000  3.8396070e+000  9.5749555e-001  2.5184423e+000  4.2288972e+000  1.5448213e+000  3.5414133e+000 -4.8038392e-002
  1.0000000e+000  2.5155310e+000  2.3233569e+000  3.9245017e+000  1.4178105e+000  4.5874098e+000  3.9985953e+000  3.2710024e+000  2.0806688e+000  2.4992420e+000  3.0333217e+000
  1.0000000e+000  2.9170853e+000  3.7507840e+000  2.8719288e+000  2.2147907e+000  2.5249252e+000  3.3004892e+000  4.6868022e+000  2.7791724e+000  1.7536890e+000  3.4446130e+000
  1.0000000e+000  4.6758717e+000  2.9691756e+000  3.1522515e+000  2.4298316e+000  4.2420496e+000  3.4055499e+000  3.5458108e+000  3.1413207e+000  4.8482851e+000  3.2424754e+000
  2.0000000e+000  3.9818303e+000  3.5953541e+000  1.9519421e+000  3.3055009e+000  1.9741805e+000  3.2122659e+000  4.4257804e+000  2.3972635e+000  1.9982512e+000  2.1555208e+000
  2.0000000e+000  4.6025410e+000  3.3751012e+000  2.9537443e+000  4.7132704e+000  1.4518409e+000  2.4765585e+000  1.8755336e+000  4.7834132e+000  3.3795287e+000  5.1394043e+000
  2.0000000e+000  3.3441993e+000  4.9942795e+000  2.4150338e+000  2.0925838e+000  4.6633525e+000  3.1848541e+000  2.1687406e+000  3.2119547e+000  2.9432272e+000  3.8427090e+000
  1.0000000e+000  3.4772522e+000  2.5796419e+000  1.8222395e+000  2.2115795e+000  3.5457551e+000  3.7265771e+000  3.2564902e+000  3.9295972e+000  2.2971929e+000  3.7462382e+000
  2.0000000e+000  2.5135654e+000  3.0423025e+000  3.5637257e+000  3.7925271e+000  1.3739790e+000  4.0895252e+000  1.9992432e+000  2.1967708e+000  3.1577960e+000  1.7071049e+000
  2.0000000e+000  2.7887213e+000  3.3772959e+000  2.4011788e+000  2.4330757e+000  3.7007350e+000  1.9968569e+000  4.1741893e+000  4.1932011e+000  3.3180317e+000  2.8206089e+000
  2.0000000e+000  3.9754923e+000  1.6555606e+000  3.3969760e+000  5.4569808e+000  3.2724765e+000  2.3457966e+000  2.8900052e+000  5.4836336e+000  1.7456227e+000  3.5081374e+000
  1.0000000e+000  6.8358689e-001  3.6396603e+000  3.7958635e+000  3.0578009e+000  2.4142194e+000  2.3804258e+000  2.4701747e+000  3.0318542e+000  2.0268086e+000  3.5060884e+000
  2.0000000e+000  2.7289501e+000  2.7370608e+000  4.2307467e+000  4.8417057e+000  4.3857860e+000  4.2527350e+000  1.9161358e+000  2.1513496e+000  4.9949170e+000  4.7262340e+000
  2.0000000e+000  3.6350622e+000  2.3374085e+000  2.5200855e+000  3.8226916e+000  3.8645891e+000  1.9091185e+000  2.0795396e+000  2.9577285e+000  2.6532284e+000  3.9409160e+000
  2.0000000e+000  3.7628914e+000  3.4051514e+000  3.1038077e+000  1.0747919e+000  3.6342285e+000  3.8735449e+000  2.6030269e+000  2.0222589e+000  4.5140689e+000  1.9737965e+000
  2.0000000e+000  4.6394950e+000  4.5568895e+000  4.6711944e+000  2.3412257e+000  4.7458775e+000  3.8817573e+000  4.9253865e+000  2.3947182e+000  1.5897125e+000  2.8314002e+000
  2.0000000e+000  3.5841500e+000  2.7556817e+000  3.6260102e+000  4.4571627e+000  3.1677260e+000  2.5026645e+000  2.4241287e+000  1.7078489e+000  3.5912342e+000  1.2608247e+000
  1.0000000e+000  2.2593573e+000  2.9285603e+000  4.2820749e+000  4.0815179e+000  2.8962682e+000  4.2765636e+000  2.8628540e+000  3.7930612e+000  2.9101491e+000  3.4840029e+000
  2.0000000e+000  6.3235419e+000  1.0133849e+000  3.3356505e+000  3.5645936e+000  5.1075695e+000  3.0264479e+000  2.8134903e+000  1.9867784e+000  1.5233560e+000  4.2390407e+000
  2.0000000e+000  3.7894627e+000  4.3082851e+000  4.2144482e+000  9.8433059e-001  3.4844647e+000  2.8651308e+000  2.9604095e+000  2.0094660e+000  4.9225541e+000  3.1301739e+000
  1.0000000e+000  3.1537472e+000  3.1172200e+000  3.4677913e+000  3.5984951e+000  3.9701299e+000  3.0914231e+000  1.7893797e+000  3.5452699e+000  1.7927241e+000  3.9401481e+000
  1.0000000e+000  3.2550013e+000  2.9514318e+000  3.2817093e+000  4.2295772e+000  2.4418354e+000  2.5186616e+000  3.1238254e+000  2.4463563e+000  3.1927484e+000  3.4817532e+000
  2.0000000e+000  3.1512475e+000  2.5471113e+000  3.6771224e+000  3.7495919e+000  2.4282132e+000  1.6571032e+000  3.6445471e+000  1.2015479e+000  2.7209425e+000  2.1238308e+000
  1.0000000e+000  4.6945236e+000  3.0578085e+000  2.6521226e+000  2.6393022e+000  4.3351055e+000  1.5210035e+000  4.3699644e+000  2.5841630e+000  3.8850333e+000  3.2563816e+000
  2.0000000e+000  3.1723612e+000  4.3519773e+000  3.6667200e+000  3.7043432e+000  2.9308972e+000  1.5338072e+000  3.1927994e+000  4.2362666e+000  5.2861263e+000  2.7124975e+000
  2.0000000e+000  2.6267864e+000  3.9296380e+000  1.9027538e+000  2.9481360e+000  5.5228264e+000  3.2052544e+000  8.5355339e-001  3.4434556e+000  3.9744613e+000  3.4874179e+000
  2.0000000e+000  2.6771642e+000  2.0590011e+000  2.5804908e+000  3.3929335e+000  3.7113999e+000  2.7148623e+000  4.1848711e+000  2.6356387e+000  3.9551488e+000  3.5078753e+000
  2.0000000e+000  3.9424752e+000 -2.4208203e-001  2.8396539e+000  2.5305802e+000  6.2324512e-001  1.4667600e+000  2.3871548e+000  3.1197236e+000  2.1142665e+000  3.0178911e+000
  2.0000000e+000  2.1622548e+000  3.7201972e+000  1.4916351e+000  2.0460529e+000  3.6112391e+000  3.0921112e+000  3.8089439e+000  2.5053738e+000  3.2084100e+000  1.3787699e+000
  2.0000000e+000  2.7934614e+000  3.5689214e+000  1.9964890e+000  2.8315547e+000  5.1620153e-001  4.0021125e+000  4.8987112e+000  5.3581880e+000  1.8807769e+000  2.1715880e+000
  2.0000000e+000  2.7828689e+000  5.0729640e+000  3.8208342e+000  3.6895781e+000  9.9371922e-001  4.8947125e+000  3.6273500e+000  2.0247104e+000  3.0518127e+000  2.3017075e+000
  1.0000000e+000  4.8432570e+000  2.6638598e+000  2.3351409e+000  3.9883967e+000  4.7327741e+000  3.1810729e+000  2.5853293e+000  3.5796893e+000  3.2826349e+000  3.3687358e+000
  2.0000000e+000  1.6481347e+000  4.2002781e+000  2.7094509e+000  3.0282986e+000  2.6067805e+000  3.1239716e+000  1.8855219e+000  3.3202729e+000  4.1177716e+000  4.3111094e+000
  1.0000000e+000  3.5790584e+000  3.1499638e+000  3.5369270e+000  1.5345674e+000  1.7610747e+000  1.6572298e+000  3.7962082e+000  1.9822394e+000  3.2417260e+000  3.5596542e+000
  2.0000000e+000  2.6994390e+000  3.4439169e+000  3.6249759e+000  2.9562475e+000  1.8759670e+000  4.1866524e+000  2.9437633e+000  3.1198595e+000  3.0372403e+000  1.9882296e+000
  2.0000000e+000  1.9331837e+000  2.9047591e+000  4.6269212e+000  2.9168199e+000  3.1822535e+000  3.0637779e+000  1.5425103e+000  8.8619607e-001  3.8343405e+000  4.1392771e+000
  2.0000000e+000  2.3288908e+000  1.7305984e+000  5.2086714e+000  3.5606015e+000  2.6667179e+000  3.2083435e+000  3.7111195e+000  5.7015683e+000  2.9682531e+000  3.1404126e+000
  2.0000000e+000  3.0546668e+000  4.4449335e+000  3.4204024e+000  1.3038394e+000  3.3315069e+000  3.7605535e+000  4.6418562e+000  1.7096724e+000  1.9734096e+000  2.0903821e+000
  1.0000000e+000  4.3315916e+000  3.6232931e+000  2.5638329e+000  3.4566703e+000  1.5438569e+000  1.6784067e+000  2.4714923e+000  5.0235006e+000  3.2643230e+000  3.4572029e+000
  2.0000000e+000  2.5773295e+000  2.9955719e+000  2.4774096e+000  3.1924075e+000  4.9397680e+000  2.3645850e+000  3.3816744e+000  2.2846335e+000  3.6972949e+000  2.9791350e+000
  1.0000000e+000  2.6595537e+000  3.3501806e+000  1.4872410e+000  3.4201175e+000  2.5595962e+000  3.2042268e+000  2.2761673e+000  3.8515256e+000  1.7053697e+000  3.0217901e+000
  1.0000000e+000  2.9588912e+000  3.3166884e+000  2.4183040e+000  1.4551783e+000  3.7202195e+000  4.7887613e+000  4.8288644e+000  2.9243314e+000  4.2395348e+000  3.5498771e+000
  2.0000000e+000  3.2834115e+000  3.2294210e+000  1.4086188e+000  2.9532667e+000  3.8929184e+000  3.9777655e+000  2.5967460e+000  2.4244415e+000  3.0278600e+000  2.1786943e+000
  2.0000000e+000  3.8925570e+000  1.6373431e+000  2.3065187e+000  2.7979681e+000  2.9983831e+000  2.3223622e+000  1.4280679e+000  1.0699987e+000  2.9632491e+000  2.3783575e+000
  2.0000000e+000  4.3065880e+000  3.9878491e+000  3.1032003e+000  2.9054636e+000  2.3066238e+000  2.1962920e+000  2.9564934e+000  2.8237342e+000  2.5750880e+000  3.5313475e+000
  2.0000000e+000  2.8701126e+000  3.4130967e+000  3.3125327e+000  2.7845450e+000  2.7841712e+000  4.4019728e+000  1.0678639e+000  2.0634340e+000  3.3911419e+000  4.0512447e+000
  1.0000000e+000  2.4486760e+000  2.1333721e+000  1.4105349e+000  2.0308391e+000  2.6231759e+000  2.1287472e+000  1.6416181e+000  2.1420943e+000  2.8509619e+000  3.2422111e+000
  2.0000000e+000  3.7119930e+000  4.0131366e+000  6.8878988e-001  4.2610451e+000  2.4810018e+000  4.0016936e-001  2.3702625e+000  3.4959943e+000  2.7940230e+000  2.6785926e+000
  2.0000000e+000  2.2047334e+000  3.4961911e+000  3.2318196e+000  3.3928007e+000  1.9036589e+000  2.8449380e+000  3.5791463e+000  5.3414626e+000  5.2107898e+000  1.8971074e+000
  2.0000000e+000  2.5370337e+000  4.4809242e+000  1.6148732e+000  3.3614853e+000  4.1376215e+000  2.9582166e+000  1.9742024e+000  4.2074904e+000  3.5252429e+000  3.8013586e-001
  2.0000000e+000  1.7792636e+000  1.3985940e+000  4.7052745e+000  1.1664761e+000  3.4834631e+000  5.1865060e+000  2.0658388e+000  5.0774799e-001  1.8349663e+000  2.2388373e+000
  2.0000000e+000  4.1412714e+000  3.2369241e+000  3.2522162e+000  2.0714300e+000  3.1075661e+000  4.0083936e+000  3.3326907e+000  2.6666629e+000  2.5653636e+000  1.7566898e+000
  2.0000000e+000  2.8684323e+000  3.5751225e+000  1.8497085e+000  2.2106585e+000  2.8367621e+000  9.6437299e-001  5.2726395e-001  3.7707272e+000  2.2793229e+000  2.6852315e+000
  2.0000000e+000  2.1361592e+000  1.5401192e-002  3.4527290e+000  1.2561623e+000  4.7911717e+000  1.9931503e+000  2.3282244e+000  3.7544874e+000  1.6977739e+000  4.8893180e+000
  2.0000000e+000  4.0338112e+000  2.3646785e+000  2.7793890e+000  2.3807031e+000  4.7669965e+000  3.7126705e+000  2.7430336e+000  2.5460454e+000  3.9111562e+000  3.9307853e+000
  2.0000000e+000  2.2760123e+000  1.8564009e+000  3.2879439e+000  2.1962981e+000  1.8504934e+000  2.7867238e+000  3.5294047e+000  2.9284660e+000  1.2878181e+000  3.0144701e+000
  2.0000000e+000  2.4943168e+000  2.7883151e+000  2.3874490e+000  2.3845360e+000  2.5387691e+000  3.0639959e+000  3.5442917e+000  4.2236447e+000  3.1586008e+000  2.8418428e+000
  2.0000000e+000  2.7912603e+000  3.6996739e+000  2.9204736e+000  1.3526880e+000  2.5783329e+000  4.0966475e+000  2.1110450e+000  2.7022235e+000  3.0706034e+000  2.5913742e+000
  2.0000000e+000  2.9563163e+000  4.2975943e+000  1.8882215e+000  4.2278683e+000  3.7155813e+000  7.1701362e-001  4.6193092e+000  2.0355807e+000  3.1908753e+000  1.8617545e+000
  2.0000000e+000  1.9190765e+000  4.5584128e+000  2.7126003e+000  4.8743236e+000  3.3979036e+000  3.0586498e+000  2.8716517e+000  1.6854765e+000  3.7626711e+000  8.9029822e-001
  2.0000000e+000  1.6800966e+000  3.2257155e+000  5.0504680e-001  2.9604156e+000  2.9579270e+000  3.9816306e+000  2.8628588e+000  4.0477645e+000  3.9572836e+000  2.6726851e+000
  2.0000000e+000  3.2665963e+000  2.9697322e+000  3.1302487e+000  1.8319611e+000  3.3565862e+000  1.2708977e+000  3.6391241e+000  3.4484127e+000  2.8380410e+000  1.8246668e+000
  2.0000000e+000  3.2579587e+000  2.5031331e+000  3.0237031e+000  3.4383461e+000  3.3142170e+000  1.7139105e+000  3.9020112e+000  4.0043651e+000  2.5229292e+000  1.0678822e+000
  2.0000000e+000  3.3244294e+000  2.7561767e+000  3.5691233e+000  2.4903364e+000  3.3821113e+000  4.5082773e+000  3.2354731e+000  2.4308524e+000  3.1703991e+000  2.7331339e+000
  2.0000000e+000  2.2631213e+000  2.8851239e+000  4.5404609e+000  5.1727532e+000  2.2570816e+000  2.4822909e+000  3.3218699e+000  2.4142043e+000  4.0805483e+000  1.4450249e+000
  2.0000000e+000  3.9727509e+000  1.9056479e+000  2.9954727e+000  2.7323047e+000  2.1384348e+000  2.8520438e+000  3.4751888e+000  3.4714279e+000  3.1717414e+000  1.6209528e+000
  2.0000000e+000  3.7711216e+000  4.0782266e+000  3.2553975e+000  9.0249906e-001  7.6964406e-001  1.8857449e+000  8.2680428e-001  2.0555655e+000  3.2664552e+000  2.2110009e+000
  2.0000000e+000  3.7685396e+000  3.7953349e+000  4.5166568e+000  2.8105824e+000  2.7423802e+000  3.9653783e+000  3.1755974e+000  3.6365227e+000  1.5823029e+000  2.5007818e+000
  2.0000000e+000  2.7637372e+000  1.3590340e+000  2.8621841e+000  9.9826738e-001  1.0810328e-001  4.4371242e+000  2.0014067e+000  2.4350388e+000  2.8481731e+000  2.1435176e+000
  2.0000000e+000  1.6614722e+000  3.5912236e+000  3.4326280e+000  3.9824281e+000  2.2895155e+000  3.6847012e+000  4.0725423e+000  4.4567332e+000  3.9029823e+000  4.0557771e+000
  2.0000000e+000  2.9013684e+000  2.0327465e+000  2.0477515e+000  2.5055477e+000  3.4985341e+000  1.6926861e+000  2.3587779e+000  3.9567490e+000  2.7554277e+000  2.8599190e+000
  1.0000000e+000  1.3396070e+000  3.3328528e+000  3.2337169e+000  2.8021259e+000  1.3249027e+000  2.2520326e+000  4.5836496e+000  5.1623976e+000  3.1580096e+000  3.1205876e+000
  2.0000000e+000  3.2256176e+000  4.9329381e-001  2.5281009e+000  2.8302982e+000  2.2708811e+000  5.0357072e+000  2.6566367e+000  3.8103622e+000  2.6236264e+000  2.6995758e+000
  2.0000000e+000  1.6172951e+000  3.1881203e+000  4.9854436e+000  2.4812059e+000  1.2822808e+000  2.9843229e+000  3.5315418e+000  3.2803748e+000  2.1071301e+000  4.3743931e+000
  2.0000000e+000  3.0216147e+000  2.5900080e+000  3.7015990e+000  2.7095619e+000  3.7513094e+000  3.3063170e+000  2.8952250e+000  4.1683863e+000  3.8027181e+000  2.0449420e+000
  1.0000000e+000  1.2516117e+000  2.0502572e+000  2.8376232e+000  4.3175482e+000  3.7721829e+000  3.2233285e+000  3.1770896e+000  4.6159414e+000  3.1850372e+000  3.0339072e+000
  2.0000000e+000  3.6918041e+000  2.8152780e+000  4.4000863e+000  2.9255217e+000  2.0539458e+000  3.0060355e+000  8.4699121e-001  2.4883783e+000  3.6332561e+000  2.6891979e+000
  2.0000000e+000  1.6034326e+000  1.4028768e+000  1.8280803e+000  3.2377112e+000  2.5542382e+000  3.2111952e+000  3.0902316e+000  2.6069872e+000  2.9763444e+000  1.2595466e+000
  2.0000000e+000  2.5474337e+000  2.3471657e+000  2.1391609e+000  1.9944215e+000  3.0807558e+000  3.1907815e+000  3.4119773e+000  3.9109789e+000  3.4756446e+000  2.0492770e+000
  2.0000000e+000  3.9721698e+000  4.2711841e+000  2.7882689e+000  3.5322604e+000  4.0371072e+000  3.5839742e+000  3.7546379e+000  2.2683600e+000  1.1177849e+000  2.0315861e+000
  2.0000000e+000  2.3005974e+000  1.6504632e+000  3.4803387e+000  3.5930552e+000  3.0834597e+000  1.7255249e+000  2.7764749e+000  3.0079012e+000  3.1283497e+000  2.9244137e+000
  2.0000000e+000  3.1628505e+000  3.8426784e+000  4.5236359e+000  3.2088879e+000  3.4214559e+000  1.5779167e+000  2.0744103e+000  1.7189125e+000  4.2114864e+000  3.7949568e+000
  1.0000000e+000  3.0227266e+000  2.5314128e+000  1.6373824e+000  2.6083431e+000  4.0358186e+000  1.3997760e+000  2.8257150e+000  2.4070288e+000  2.9175446e+000  3.5591981e+000
  2.0000000e+000  3.8733038e+000  3.5880102e+000  2.9479930e+000  2.7864330e+000  4.5054702e+000  1.9904387e+000  2.4448794e+000  3.0973048e+000  3.2716053e+000  2.6262815e+000
