  2.0000000e+000  2.3787495e+000  2.1752614e+000  3.7086014e+000  3.7148317e+000  4.1023074e+000  3.1245577e+000  3.5629993e+000  2.3621503e+000  4.5633980e+000  8.7432824e-001
  1.0000000e+000  2.5077719e+000  2.4616443e+000  3.2682850e+000  3.4360229e+000  3.2562159e+000  5.3545696e+000  3.0549510e+000  3.2175030e+000  1.8494718e+000  2.7632211e+000
  2.0000000e+000  3.2817242e+000  3.7719814e+000  1.7039603e+000  2.4843685e+000  4.3150600e+000  2.8894962e+000  3.5758641e+000  2.7494186e+000  2.8333020e+000  3.8609267e+000
  1.0000000e+000  1.8232680e+000  3.9337636e+000  3.3544146e+000  2.3806436e+000  3.7060601e+000  4.2556172e+000  2.7354711e+000  3.0939794e+000  2.6165292e+000  4.1786511e+000
  2.0000000e+000  3.8334296e+000  1.6224965e+000  3.5177181e+000  3.0349860e+000  2.7986699e+000  3.1508601e+000  3.2855529e+000  3.6812368e+000  3.3587355e+000  2.3802457e+000
  1.0000000e+000  4.0134474e+000  3.2504605e+000  3.0102810e+000  4.1680541e+000  3.5920999e+000  3.8577624e+000  3.2316716e+000  3.1511051e+000  5.6297634e-001  5.1154731e+000
  2.0000000e+000  3.3674810e+000  3.1832722e+000  2.7297200e+000  3.4200605e+000  4.0489107e+000  2.3465611e+000  3.9995534e+000  3.0105364e+000  3.1792966e+000  3.1516280e+000
  1.0000000e+000  3.9659424e+000  2.9759818e+000  3.7314472e+000  1.7694898e+000  3.3631376e+000  4.1814918e+000  2.3439609e+000  3.7027672e+000  3.5792615e+000  2.8949132e+000
  2.0000000e+000  1.1321412e+000  3.4483174e+000  5.0544542e+000  3.2114895e+000  3.3294754e+000  3.0555748e+000  4.3061904e+000  2.6558079e+000  4.1689621e+000  3.8424526e+000
  2.0000000e+000  1.5708598e+000  3.0420280e+000  3.2742479e+000  1.8452413e+000  1.7862956e+000  2.4357819e+000  3.0237069e+000  2.0873860e+000  2.8245536e+000  3.7110878e+000
  2.0000000e+000  1.8992967e+000  2.6867272e+000  3.4370987e+000  4.0302607e+000  2.8332241e+000  1.5513905e+000  3.4640324e+000  3.0446088e+000  4.0576307e+000  2.9387591e+000
  2.0000000e+000  4.1679811e+000  2.8603443e+000  3.7922386e+000  3.7776763e+000  2.4017201e+000  3.5412546e+000  3.4707237e+000  1.2653618e+000  3.3445875e+000  2.7253961e+000
  2.0000000e+000  4.8469386e+000  3.2622666e+000  2.9745149e+000  2.7230534e+000  3.8772742e+000  3.0971276e+000  2.3819952e+000  2.9227786e+000  2.7046488e+000  1.6989588e+000
  2.0000000e+000  2.1886743e+000  1.0421604e+000  3.3888856e+000  2.2283820e+000  2.6229097e+000  2.8539341e+000  2.7398460e+000  3.4934622e+000  2.4268222e+000  4.4523269e+000
  2.0000000e+000  2.7159460e+000  1.6076317e+000  5.0863704e+000  1.1677144e+000  3.5895672e+000  3.5647442e+000  1.9443964e+000  1.9438693e+000  1.8788728e+000  3.6239937e+000
  1.0000000e+000  4.5133619e+000  3.2941528e+000  3.2511087e+000  3.6869503e+000  3.6507831e+000  3.2125897e+000  3.5899153e+000  3.8130578e+000  3.4126818e+000  3.0910463e+000
  2.0000000e+000  2.4207182e+000  4.8035703e+000  3.5817867e+000  3.6157005e+000  1.4208977e+000  2.3124651e+000  2.1777260e+000  1.0800740e+000  1.7745754e+000  2.3924484e+000
  2.0000000e+000  5.0649931e+000  3.9618921e+000  4.7809497e+000  2.1893291e+000  1.6295831e+000  5.3972671e+000  3.3845056e+000  3.4684343e+000  1.9217138e+000  1.7293729e+000
  2.0000000e+000  4.4887707e+000  2.8453023e+000  2.0175713e+000  2.7111227e+000  3.9737330e+000  4.6426688e+000  2.1603384e+000  3.7279908e+000  2.7161933e+000  3.4758393e+000
  2.0000000e+000  2.2711640e+000  2.2442818e+000  1.8877145e+000  4.9377949e+000  2.5522049e+000  1.6309571e+000  3.0780697e+000  3.9411471e+000  2.0759177e+000  4.0381893e+000
  2.0000000e+000  2.8772853e+000  3.9763099e+000  1.0007427e+000  2.3642490e+000  4.0132913e+000  3.0047847e+000  1.7978233e+000  3.1871726e+000  2.6417301e+000  4.2490879e+000
  1.0000000e+000  7.1131016e-001  3.3742366e+000  2.7422544e+000  2.2716544e+000  3.9380445e+000  3.8256703e+000  2.8475627e+000  3.8083383e+000  3.0304903e+000  1.4161132e+000
  2.0000000e+000  2.9380869e+000  4.1838917e+000  1.7506330e+000  8.3206877e-001  2.4786678e+000  5.2221318e+000  2.7171013e+000  1.9430115e+000  2.4151312e+000  3.7782184e+000
  2.0000000e+000  4.0622645e+000  3.9921757e+000  2.0416888e+000  2.4013771e+000  2.4906488e+000  2.6317616e+000  2.6799410e+000  3.7573046e+000  3.9195631e+000  1.5455614e+000
  2.0000000e+000  2.2433860e+000  2.0971748e+000  3.2173553e+000  4.3071069e+000  1.7545553e+000  2.4902913e+000  2.6225318e+000  1.2707076e+000  3.2614386e+000  1.9456818e+000
  2.0000000e+000  2.5258250e+000  1.8636829e+000  4.5989940e+000  2.6987463e+000  1.4096088e+000  2.7394012e+000  4.5418646e+000  4.8533676e+000  2.6728790e+000  3.2366224e+000
  2.0000000e+000  3.1604910e+000  3.0701193e+000  1.2356460e+000  3.1401381e+000  6.9950620e+000  2.0406048e+000  4.1333854e+000  4.6934166e+000  2.3712574e+000  4.2406019e+000
  2.0000000e+000  2.5227408e+000  2.7264446e+000  3.2479311e+000  2.3459318e+000  2.9605790e+000  2.6544538e+000  2.4288923e+000  2.6133308e+000  6.6180778e+000  1.1566835e+000
  2.0000000e+000  2.1424864e+000  4.6348823e+000  1.9243881e+000  2.3909528e+000  2.7488777e+000  3.9182326e+000  2.6389711e+000  2.5848976e+000  3.1414252e+000  2.4292978e+000
  1.0000000e+000  4.5292713e+000  3.0088007e+000  1.9697085e+000  2.0818994e+000  3.8302334e+000  7.8480000e-001  2.7063441e+000  1.0270400e+000  3.4137626e+000  4.4789124e+000
  2.0000000e+000  4.4742702e+000  2.4588125e+000  2.8231572e+000  4.8657909e+000  3.9672494e+000  2.9323348e+000  1.4560030e+000  3.1197156e+000  3.5684436e+000  4.7881985e+000
  2.0000000e+000  3.6796241e+000  2.2145199e+000  2.6171094e+000  3.5587170e+000  1.8598942e+000  2.9815765e+000  2.6660689e+000  3.4343380e+000  3.2350784e+000  3.1573187e+000
  1.0000000e+000  4.1384116e+000  3.3307855e+000  2.0851383e+000  1.0283378e+000  3.6376052e+000  3.3470544e+000  3.0675082e+000  1.9040387e+000  1.2846476e+000  1.0041168e+000
  2.0000000e+000  3.4540745e+000  2.6215666e+000  3.2798741e+000  2.2740743e+000  2.5909520e+000  3.5973724e+000  3.0569907e+000  3.3794053e+000  3.5224196e+000  3.0009294e+000
  2.0000000e+000  3.0474325e+000  3.1874284e+000  2.1420133e+000  3.2861735e+000  2.7473201e+000  3.1492492e+000  2.8586301e+000  2.9337891e+000  5.0221806e+000  2.4734162e+000
  2.0000000e+000  3.3347858e+000  4.2221185e+000  3.5114578e+000  2.0213508e+000  2.6738221e+000  3.5880649e+000  2.2372029e+000  2.9298755e+000  1.8700855e+000  2.9918005e+000
  2.0000000e+000  1.2891394e+000  3.7970485e+000  4.3931683e+000  2.3154350e+000  2.8294596e+000  3.1598625e+000  2.5578833e+000  3.5601431e+000  3.5690075e+000  3.5338679e+000
  2.0000000e+000  3.9825264e+000  3.6567048e+000  1.4621620e+000  3.9961667e+000  1.5849770e+000  2.2748484e+000  3.6655096e+000  2.9664189e+000  3.8748960e+000  1.8381965e+000
  1.0000000e+000  3.9170601e+000  2.1340286e+000  3.7292170e+000  1.4868668e+000  3.0702256e+000  2.0506341e+000  2.6031557e+000  3.2596950e+000  2.0403001e+000  5.2654091e+000
  2.0000000e+000  3.5652822e+000  2.8874388e+000  3.8826235e+000  4.5634693e+000  1.8664415e+000  3.3422751e+000  1.9795353e+000  3.7710615e+000  2.5146427e+000  2.1910572e+000
  2.0000000e+000  2.3689942e+000  3.0468099e+000  1.7038874e+000  3.1762545e+000 -3.3116757e-002  3.0080121e+000  3.2085463e+000  4.2512772e+000  3.0335811e+000  1.9987335e+000
  2.0000000e+000  3.9403425e+000  3.7099170e+000  3.1379495e+000  1.5508026e+000  2.6213848e+000  1.1481540e+000  3.3634679e+000  4.6647044e+000  3.5615119e+000  4.1559024e+000
  1.0000000e+000  2.2275640e+000  2.9930147e+000  3.2201441e+000  2.4686919e+000  3.1971623e+000  3.2317544e+000  2.1977081e+000  2.9977326e+000  1.8787266e+000  4.0495589e+000
  2.0000000e+000  1.4002886e+000  4.0037559e+000  2.8322992e+000  3.1348614e+000  2.1735596e+000  2.3897023e+000  9.1363798e-001  3.1590778e+000  3.7539755e+000  3.7315148e+000
  2.0000000e+000  2.4626948e+000  3.4837075e+000  4.6647484e+000  3.1741529e+000  9.2255856e-001  3.1225753e+000  3.4541961e+000  1.2684196e+000  3.8759357e+000  2.2074974e+000
  2.0000000e+000  4.2589763e+000  1.4426570e+000  4.5843782e+000  3.8795908e+000  1.7589550e+000  2.6040751e+000  2.4688924e+000  1.8249269e+000  2.5625114e+000  3.0758832e+000
  2.0000000e+000  1.5615220e+000  3.7089293e+000  5.0821647e+000  1.5496238e+000  2.6679350e+000  4.0022558e+000  3.2358682e+000  2.4776702e+000  3.2801896e+000  2.3978215e+000
  2.0000000e+000  3.7475452e+000  4.3676739e-001  2.4940667e+000  3.0702044e+000  9.5760212e-001  3.2810518e+000  4.6486187e+000  3.7774918e+000  3.4196906e+000  3.0146073e+000
  2.0000000e+000  2.9195194e+000  4.1717007e+000  1.9427795e+000  4.0231866e+000  2.9346365e+000  2.7015006e+000  2.9127114e+000  4.1090515e+000  3.0109575e+000  3.2811947e+000
  1.0000000e+000  3.8090724e+000  4.3933802e+000  4.1293262e+000  3.9218954e+000  3.4165203e+000  2.6232023e+000  2.4901200e+000  3.2264770e+000  3.5939340e+000  2.2106625e+000
  2.0000000e+000  4.3823184e+000  2.2879107e+000  2.7106687e+000  1.5819867e+000  4.1163633e+000  1.2807689e+000  2.2368738e+000  3.8694210e+000  2.6989444e+000  3.5892029e+000
  2.0000000e+000  4.1844256e+000  1.5630530e+000  1.2754660e+000  3.0998836e+000  3.3810517e+000  3.1006929e+000  1.7524721e+000  2.8323894e+000  3.0527263e+000  2.2720920e+000
  2.0000000e+000  1.4869481e+000  3.5448291e+000  2.4869637e+000  2.8488635e+000  4.8500368e+000  3.2983499e+000  1.8599521e+000  3.6613518e+000  2.5451623e+000  2.9630810e+000
  2.0000000e+000  2.7950828e+000  4.5703209e+000  3.1007464e+000  9.8497365e-001  1.8742495e+000  2.0428459e+000  4.0475326e+000  2.8397551e+000  3.6213731e+000  2.2649372e+000
  1.0000000e+000  1.7242122e+000  3.1361497e+000  4.3425589e+000  9.6016746e-001  3.0476487e+000  1.0509109e+000  2.1200472e+000  1.7177982e+000  4.8355292e+000  3.5879237e+000
  2.0000000e+000  3.3184064e+000  2.1043643e+000  4.0950441e+000  1.8803969e+000  1.6708202e+000  1.5280532e+000  5.0889509e+000  2.3007907e+000  2.4540658e+000  1.7890566e+000
  2.0000000e+000  4.1403672e+000  2.7116874e+000  4.2695741e+000  2.6260272e+000  1.2190236e+000  2.4607273e+000  2.4965543e+000  4.2237984e+000  1.7167593e+000  3.3551837e+000
  2.0000000e+000  3.2760456e+000  3.8341805e+000  3.0458934e+000  4.5285481e+000  3.3133273e+000  2.2431564e+000  4.0978653e+000  6.8346236e-001  3.2971472e+000  2.3720982e+000
  2.0000000e+000  4.6889079e+000  2.2640634e+000  1.8883276e+000  2.4060976e+000  2.6558801e+000  3.5767971e+000  4.0823515e+000  3.8932811e+000  2.8736173e+000  1.7023989e+000
  2.0000000e+000  4.9561933e+000  4.8051853e+000  4.5997090e+000  3.4827978e+000  1.8981892e+000  1.5296616e+000  3.0942501e+000  3.8837993e+000  1.9324932e+000  2.4307201e+000
  2.0000000e+000  2.8123691e+000  2.8132030e+000  3.2062272e+000  3.1715493e+000  4.3581957e+000  2.6783290e+000  3.0904037e+000  2.5789866e+000  3.8930964e+000  1.9561309e+000
  2.0000000e+000  3.3810726e+000  2.2822114e+000  2.1967646e+000  3.3982131e+000  3.9624324e+000  4.7192640e+000  1.4786727e+000  1.8984291e+000  1.6108364e+000  4.5952139e+000
  1.0000000e+000  2.6167918e+000  1.8546743e+000  2.3042917e+000  2.8128158e+000  3.2911784e+000  3.8158068e+000  2.9217967e+000  4.5740006e+000  3.4803339e+000  4.1164245e+000
  2.0000000e+000  4.1022280e+000  3.6195044e+000  2.3175049e+000  3.2049474e+000  2.9684780e+000  3.0293175e+000  4.3382107e+000  4.3422229e+000  7.4333781e-001  5.4975736e+000
  2.0000000e+000  1.0851171e+000  3.7778381e+000  4.6124761e+000  3.4469751e+000  2.2480707e+000  2.7653032e+000  1.8713803e+000  2.8780778e+000  2.0910157e+000  2.0230827e+000
  2.0000000e+000  2.4099759e+000  1.8504826e+000  4.6399614e+000  2.5511120e+000  2.1825767e+000  2.7207910e+000  1.8388327e+000  2.6414896e+000  4.8867697e+000  2.5540550e+000
  1.0000000e+000  3.1521478e+000  2.7991942e+000  3.6618670e+000  3.2524978e+000  3.5897719e+000  2.2216843e+000  3.0464298e+000  2.4684862e+000  4.0084377e+000  3.1331846e+000
  2.0000000e+000  1.5442597e+000  2.6244101e+000  3.5636555e+000  2.8498205e+000  4.2666206e+000  1.7463055e+000  2.5817739e+000  7.2923314e-001  2.9527011e+000  2.6728388e+000
  1.0000000e+000  4.5309136e+000  4.2140094e+000  3.8544387e+000  2.2624791e+000  3.3130263e+000  1.9168029e+000  3.8383429e+000  2.6488517e+000  3.9742551e+000  3.3104911e+000
  2.0000000e+000  2.9248888e+000  5.3308905e+000  4.2554457e+000  3.7933637e+000  2.4412525e+000  3.1172890e+000  2.8738723e+000  1.9969256e+000  1.7466465e+000  1.6759208e+000
  2.0000000e+000  2.7942567e+000  1.8880966e+000  2.6366240e+000  3.3538263e+000  4.2778443e+000  3.4323169e+000  4.4402867e+000  4.8494762e+000  2.2737088e+000  2.5053398e+000
  1.0000000e+000  3.2991168e+000  3.6019237e+000  3.3121460e+000  5.0830845e+000  3.0812849e+000  2.5539470e+000  3.6935959e+000  5.1124070e+000  2.9672239e+000  2.9190455e+000
  2.0000000e+000  2.1658439e+000  2.3828432e+000  2.2480770e+000  3.9155642e+000  1.6440242e+000  2.7389846e+000  4.0604556e+000  3.7867232e+000  4.4694368e+000  3.2343764e+000
  2.0000000e+000  3.8558275e+000  2.9324514e+000  3.1616339e+000  2.6125623e+000  3.6293679e+000  3.5534295e+000  4.0148130e+000  2.8859851e+000  3.4787149e+000  1.7865408e+000
  2.0000000e+000  3.0918435e+000  1.1348624e+000  1.1676082e+000  3.5065029e+000  4.0434291e+000  2.1927256e+000  3.8409991e+000  2.5980036e+000  3.3048486e+000  3.1162039e+000
  2.0000000e+000  2.9291879e+000  1.6101554e+000  2.4184413e+000  2.3642082e+000  1.8966331e+000  2.2368238e+000  2.3941931e+000  2.7420119e+000  2.1435615e+000  3.1667067e+000
  2.0000000e+000  3.6958874e+000  2.8980006e+000  2.4572149e+000  1.9141021e+000  2.7954553e+000  4.2224537e+000  9.3198020e-001  2.3182206e+000  2.8029599e+000  4.1975041e+000
  1.0000000e+000  5.0317701e+000  1.5660803e+000  2.5616599e+000  3.8837728e+000  3.3131598e+000  3.4870031e+000  3.1510547e+000  2.7428148e+000  3.9690781e+000  3.6957420e+000
  2.0000000e+000  4.1206489e+000  3.3248633e+000  3.3978951e+000  2.2725123e+000  1.9743610e+000  5.2156602e+000  3.3574767e+000  4.5703801e+000  3.3124401e+000  3.4458830e+000
  2.0000000e+000  2.4241845e+000  2.1818145e+000  2.2935558e+000  3.5285134e+000  1.3281993e+000  3.8173320e+000  3.6725985e+000  4.2526201e+000  3.2084301e+000  3.2078033e+000
  2.0000000e+000  2.6047285e+000  2.8753049e+000  3.0283566e+000  4.0461210e+000  2.0738753e+000  2.3466266e+000  1.8343444e+000  2.6722622e+000  2.5191027e+000  1.9948755e+000
  2.0000000e+000  2.3894935e+000  2.4047977e+000  2.9283312e+000  1.5021698e+000  5.2835954e+000  3.5197512e+000  1.1755555e+000  1.8110941e+000  2.9092579e+000  1.9217813e+000
  2.0000000e+000  2.4236298e+000  1.7258397e+000  4.5261958e+000  2.8944647e+000  2.3925447e+000  2.6494879e+000  1.9729276e+000  2.4005550e+000  1.1605998e+000  1.5831052e+000
  1.0000000e+000  4.2364250e+000  2.6701574e+000  2.4090988e+000  4.8900770e+000  3.2297093e+000  4.0681651e+000  3.1419545e+000  2.2901907e+000  2.7472427e+000  1.5798013e+000
  2.0000000e+000  3.0624850e+000  3.3685192e+000  2.2079106e+000  3.2035759e+000  2.5770958e+000  3.0917278e+000  3.4779748e+000  4.6977702e+000  2.6225282e+000  3.0302665e+000
  2.0000000e+000  2.5338250e+000  2.5246528e+000  3.3568860e+000  1.6215396e+000  4.9175777e+000  3.8092428e+000  2.6699521e+000  4.4193010e+000  3.0638212e+000  3.8692222e+000
  2.0000000e+000  5.3224502e+000  2.8112206e+000  2.7808413e+000  4.1150571e+000  2.5313638e+000  5.1748470e+000  2.5250804e+000  2.9854542e+000  2.3341431e+000  2.4995201e+000
  2.0000000e+000  3.7633244e+000  5.6453941e-001  1.8529800e+000  2.8686114e+000  2.7023858e+000  2.4139935e+000  2.4199884e+000  4.0954591e+000  2.3013044e+000  4.4558620e+000
  2.0000000e+000  2.6060611e+000  3.5717463e+000  4.7328922e+000  2.1112763e+000  2.8316063e+000  9.3109919e-001  2.7506969e+000  2.3660926e+000  3.8815029e+000  2.5607106e+000
  2.0000000e+000  2.6970922e+000  9.3862772e-001  3.7508916e+000  1.0071124e+000  3.1237455e+000  2.3898097e+000  2.9316033e+000  1.7775179e+000  4.1391213e+000  3.2953734e+000
  2.0000000e+000  2.2057002e+000  2.9182764e+000  1.7135779e+000  4.2267055e+000  2.1184621e+000  2.6779238e+000  3.5840649e+000  3.6839876e+000  3.0209359e+000  3.6872438e+000
  2.0000000e+000  2.3218173e+000  2.6724883e+000  3.7637118e+000  2.3027059e+000  2.4937184e+000  4.9269022e+000  2.2845325e+000  3.9506864e+000  2.9597120e+000  5.2654879e+000
  2.0000000e+000  4.6335917e+000  3.5847082e+000  3.1134388e+000  3.9196772e+000  1.9927478e+000  4.5212381e+000  2.2342923e+000  4.4053494e-002  3.7443465e+000  2.3059999e+000
  2.0000000e+000  3.3764030e+000  3.2286602e+000  5.5298554e+000  2.0021199e+000  3.0988188e+000  5.2119344e+000  6.1261900e+000  3.9404243e+000  1.3090754e+000  2.7842074e+000
  2.0000000e+000  4.1390137e+000  3.1938408e+000  5.8807823e+000  1.8422609e+000  2.4521069e+000  4.3774959e+000  2.6769249e+000  2.4338254e+000  1.3206624e+000  2.0106752e+000
  2.0000000e+000  1.3428595e+000  3.8892417e+000  2.8858335e+000  2.8887254e+000  3.9425854e+000  2.7292118e+000  4.4094474e+000  2.7260798e+000  3.7462453e+000  2.9458810e+000
  1.0000000e+000  3.5044797e+000  2.9245757e+000  3.5997066e+000  1.6574082e+000  3.8479445e+000  3.2516385e+000  3.3961790e+000  3.5597261e+000  3.5439591e+000  2.6597090e+000
  1.0000000e+000  2.2272527e+000  3.6649613e+000  1.8949162e+000  4.3571374e+000  3.4246943e+000  3.4405528e+000  3.1325859e+000  3.2974175e+000  3.0140785e+000  2.4298350e+000
  1.0000000e+000  3.2069676e+000  2.7437618e+000  3.8384591e+000  1.1878602e+000  3.6127396e+000  3.0022920e+000  2.7140472e+000  2.6600651e+000  3.4384683e+000  2.1131341e+000
  2.0000000e+000  2.4463457e+000  4.1884733e+000  3.6410455e+000  2.7687509e+000  2.9781396e+000  2.9582425e+000  1.6748605e+000  2.5835589e+000  6.3022400e+000  2.1151616e+000
