  2.0000000e+000  3.4273331e+000  4.6621574e+000  4.2856753e+000  2.6669619e+000  2.0541175e+000  1.9467178e+000  2.6420723e+000  2.8817320e+000  2.8551712e+000  3.1857674e+000
  2.0000000e+000  1.2762846e+000  3.4233967e+000  2.3464486e+000  2.2161732e+000  4.4177598e+000  1.7431422e+000  1.9608887e+000  2.5508542e+000  2.7453995e+000  4.4843436e+000
  2.0000000e+000  3.5133182e+000  2.0400720e+000  4.7351646e+000  3.1721360e+000  1.8213600e+000  1.9376357e+000  4.0074297e+000  5.2053764e+000  2.7589255e+000  3.5945921e+000
  2.0000000e+000  2.4868266e+000  2.4415934e+000  3.9456082e+000  2.4959368e+000  1.2969488e+000  3.1805781e+000  2.1456436e+000  3.1306638e+000  3.2854354e+000  3.9572713e+000
  2.0000000e+000  4.2129279e+000  3.4087212e+000  2.6395321e+000  5.0036683e+000  3.3488521e+000  2.7438937e+000  2.7141905e+000  3.7771279e+000  2.1581444e+000  3.8583500e+000
  2.0000000e+000  4.8654175e+000  3.5275642e+000  3.8902422e+000  1.2945975e+000  1.2558650e+000  5.4677466e+000  2.1395247e+000  3.0205254e+000  4.2983153e+000  1.5625432e+000
  2.0000000e+000  3.3697168e+000  1.8495296e+000  3.9125745e+000  3.5667471e+000  3.1760286e+000  3.7672750e+000  1.5187535e+000  1.8000175e+000  3.3691053e+000  3.7697331e+000
  1.0000000e+000  2.6830694e+000  2.9628642e+000  3.0649195e+000  3.2969813e+000  3.0710689e+000  4.6217404e-001  2.6620603e+000  1.4738382e+000  4.7134013e+000  3.2521281e+000
  1.0000000e+000  2.8423328e+000  3.8802215e+000  3.3948155e+000  3.4997520e+000  3.1240476e+000  2.1060809e+000  2.6551755e+000  3.0292598e+000  2.0428222e+000  3.1182464e+000
  1.0000000e+000  2.8031471e+000  4.5629187e+000  3.2988100e+000  3.4411752e+000  2.4274842e+000  4.1428560e+000  1.7428922e+000  2.9850393e+000  4.6691255e+000  3.8794056e+000
  2.0000000e+000  1.5918321e+000  6.1285108e+000  1.8956092e+000  3.6663213e+000  3.1528916e+000  2.1199853e+000  1.6039777e+000  4.1260524e+000  2.8310743e+000  4.4445766e+000
  2.0000000e+000  2.2643802e+000  5.0356863e+000  2.9514158e+000  3.5172481e+000  3.8551181e+000  3.4699565e+000  3.1531469e+000  5.9849437e+000  3.4886678e+000  4.0123284e+000
  2.0000000e+000  1.5755347e+000  3.6559903e+000  4.0058775e+000  1.4710260e+000  3.6616078e+000  2.9309973e+000  2.7396277e+000  3.2611308e+000  3.6888158e+000  2.0054038e+000
  2.0000000e+000  2.0540660e+000  4.3519077e+000  2.1117554e+000  3.4170975e+000  2.9535897e+000  1.9303129e+000  2.5024300e+000  3.4651417e+000  3.0880100e+000  3.9062345e+000
  1.0000000e+000  3.4719796e+000  2.7836114e+000  3.8051307e+000  3.1691810e+000  2.7129921e+000  2.5939909e+000  1.6117729e+000  3.6285875e+000  2.2814229e+000  2.6143700e+000
  2.0000000e+000  4.1866975e+000  3.2960817e+000  2.2741115e+000  4.3262378e+000  3.1625758e+000  2.3301533e+000  2.3999792e+000  3.0289370e+000  2.9156454e+000  2.4946933e+000
  2.0000000e+000  3.0224166e+000  2.6828749e+000  2.6573125e+000  2.5252911e+000  2.1785323e+000  5.1385239e+000  2.9148226e+000  4.4338972e+000  3.2560811e+000  3.5926993e+000
  2.0000000e+000  4.2207790e+000  1.8802404e+000  3.9981277e+000  3.9875987e+000  3.0582013e+000  2.5347616e+000  5.0898103e+000  3.3017477e+000  1.6759221e+000  4.5828885e+000
  2.0000000e+000  3.5936991e+000  2.0156536e+000  3.6791285e+000  3.9698924e+000  3.4792116e+000  2.4916398e+000  2.9254247e+000  3.9300343e+000  3.4777287e+000  3.1435909e+000
  2.0000000e+000  3.7214630e+000  3.3528326e+000  3.8570442e+000  3.8864443e+000  5.1125896e+000  4.1083644e+000  2.2863494e+000  3.2633220e+000  5.3815919e+000  3.7235581e+000
  2.0000000e+000  3.3080440e+000  2.1958611e+000  1.3607990e+000  3.5792527e+000  2.7064083e+000  4.5621451e+000  2.9255510e+000  2.9549194e+000  3.2106158e+000  1.6826039e+000
  2.0000000e+000  3.0704571e+000  2.4792857e+000  1.8678098e+000  2.3689095e+000  4.3006619e+000  1.4576800e+000  4.3079804e+000  3.5352718e+000  4.4454817e+000  5.4014807e+000
  2.0000000e+000  2.7837910e+000  4.5680816e+000  3.7908795e+000  1.4031530e+000  1.2649718e+000  2.2257304e+000  2.7926980e+000  2.6554084e+000  2.8217497e+000  1.7549152e+000
  2.0000000e+000  3.9380393e+000  3.0097028e+000  3.7709727e+000  1.2573035e+000  2.8022747e+000  3.4797982e+000  3.0989177e+000  3.5885016e+000  1.8886473e+000  1.8228389e+000
  2.0000000e+000  2.6902523e+000  2.8729818e+000  2.5633950e+000  2.8912011e+000  4.0778544e+000  2.7282037e+000  3.4712032e+000  1.1401076e+000  9.7853454e-001  2.9601583e+000
  2.0000000e+000  2.2686261e+000  2.1818771e+000  1.2744231e+000  1.7726035e+000  4.7662709e+000  3.5330342e+000  3.1996014e+000  2.0780842e+000  2.8749882e+000  9.1520903e-001
  2.0000000e+000  3.9512149e+000  3.8383239e+000  2.4408383e+000  3.4649886e+000  2.8751057e+000  3.4781907e+000  4.2638541e+000  3.6463563e+000  2.0051061e+000  2.1424279e+000
  2.0000000e+000  1.7121332e+000  2.8232267e+000  1.5006479e+000  2.9218090e+000  2.4810839e+000  1.6385219e+000  4.9528183e-001  2.8208608e+000  4.5347625e+000  1.6701788e+000
  2.0000000e+000  1.9028505e+000  2.9796913e+000  2.7358088e+000  2.8736721e+000  2.8908275e+000  4.1446026e+000  3.4854473e+000  3.1126842e+000  4.0604174e+000  2.1259790e+000
  2.0000000e+000  3.2812991e+000  2.0667448e+000  4.6054798e+000  3.1649780e+000  2.8061329e+000  4.2045716e+000  1.8806653e+000  1.4930172e+000  3.8092719e+000  2.7878875e+000
  2.0000000e+000  3.8056868e+000  4.0794589e+000  7.3785518e-001  4.0025773e+000  2.6190160e+000  2.7475697e+000  3.0628299e+000  1.9980930e+000  2.8564363e+000  4.0709738e+000
  2.0000000e+000  2.1027851e+000  2.9997822e+000  3.2988712e+000  1.8620830e+000  4.0389169e+000  2.6586747e+000  3.6983997e+000  4.4300110e+000  3.9408366e+000  4.6833356e+000
  2.0000000e+000  2.6455624e+000  4.4279196e+000  3.2684245e+000  1.5814297e+000  4.9078176e+000  2.5367366e+000  3.7061313e+000  3.3058152e+000  1.4579200e+000  4.3699585e+000
  2.0000000e+000  3.1400731e+000  1.7183710e+000  2.2066963e+000  3.9720058e+000  2.5912602e+000  5.4946743e+000  1.9791643e+000  4.9524472e-001  3.6448077e+000  2.0679566e+000
  2.0000000e+000  2.0583137e+000  9.6119144e-001  2.5748406e+000  2.0974959e+000  2.7701100e+000  4.4020069e+000  2.8508582e+000  2.5354949e+000  2.3127957e+000  2.0017330e+000
  2.0000000e+000  1.3576460e+000  2.2933006e+000  2.9376329e+000  3.9633142e+000  3.5105047e+000  3.1335091e+000  1.7369973e+000  2.5028372e+000  2.0790025e+000  5.0935575e+000
  2.0000000e+000  2.9409673e+000  2.6295752e+000  3.8353075e+000  2.9488304e+000  2.5400854e+000  2.2353537e+000  2.5583922e+000  2.3328455e+000  5.8281222e+000  4.1134052e+000
  2.0000000e+000  3.2173743e+000  2.9854432e+000  1.5904193e+000  2.3209926e+000  2.2435694e+000  3.1656916e+000  2.4031051e+000  3.6879163e+000  3.5351877e+000  3.3177617e+000
  2.0000000e+000  1.7119128e+000  2.3792284e+000  1.2929588e+000  3.0455177e+000  1.3672802e+000  1.4372466e+000  3.0101202e+000  2.2617733e+000  2.5414313e+000  2.5536272e+000
  2.0000000e+000  3.2901722e+000  3.4487811e+000  2.7359054e+000  3.4512450e+000  3.1342716e+000  4.2669157e+000  2.2699990e+000  3.3760728e+000  3.2737805e+000  3.7010783e+000
  2.0000000e+000  3.8400786e+000  3.3699924e+000  1.3161193e+000  2.7158333e+000  4.4735646e+000  2.0965121e+000  3.4371121e+000  2.8387634e+000  6.5559958e+000  2.3361329e+000
  2.0000000e+000  4.7570271e+000  1.1307788e+000  3.4111992e+000  4.4534273e+000  2.7547693e+000  3.9924952e+000  3.2306292e+000  2.1540852e-001  3.8853023e+000  2.6145917e+000
  2.0000000e+000  2.6530355e+000  4.4790714e+000  9.3990542e-001  2.6687419e+000  2.9840408e+000  2.3890577e+000  3.7237561e+000  1.5888787e+000  6.5878329e-001  2.5842125e+000
  1.0000000e+000  2.6372871e+000  2.6671553e+000  3.6377233e+000  3.2797226e+000  3.6377058e+000  4.7115241e+000  3.2185910e+000  2.4276857e+000  3.1947703e+000  3.4247258e+000
  2.0000000e+000  2.7907427e+000  4.9395393e+000  2.5344170e+000  3.4493366e+000  4.6223028e+000  3.2120732e+000  1.8508223e+000  4.6646547e+000  3.5534762e+000  1.3965435e+000
  2.0000000e+000  2.9905492e+000  2.5668861e+000  3.0850920e+000  1.9161842e+000  2.4856392e+000  2.3451990e+000  2.8473428e+000  2.8429554e+000  3.2199834e+000  5.0176022e+000
  2.0000000e+000  2.9670792e+000  2.5546880e+000  2.0591817e+000  2.7006796e+000  2.1222854e+000  3.0261189e+000  2.4583312e+000  3.1851802e+000  3.7982426e+000  2.6140296e+000
  2.0000000e+000  1.5648463e+000  1.4338319e+000  3.8224892e+000  2.4096017e+000  3.0087080e+000  4.4926719e+000  2.7287280e+000  3.9371586e+000  3.0799994e+000  2.2045134e+000
  2.0000000e+000  3.5661099e+000  4.1510215e+000  4.5102496e+000  3.2657367e+000  4.6591623e+000  2.4207843e+000  1.6852835e+000  4.0381564e+000  3.6813618e+000  2.4724228e+000
  1.0000000e+000  3.2375660e+000  3.5573568e+000  3.3451620e+000  2.8313127e+000  4.5786560e+000  3.3052729e+000  5.1451473e+000  2.7569560e+000  2.4076003e+000  2.9269759e+000
  1.0000000e+000  3.5257205e+000  2.2181584e+000  3.4164342e+000  3.7649154e+000  3.3157952e+000  3.4627125e+000  3.8278095e+000  3.5082948e+000  3.7745322e+000  3.0053073e+000
  2.0000000e+000  1.9530264e+000  2.8890977e+000  3.3041866e+000  1.7308580e+000  2.6708876e+000  4.4718066e+000  2.2674861e+000  1.6167901e+000  3.4385670e+000  1.2642058e+000
  1.0000000e+000  4.3187962e+000  2.6307066e+000  3.4679527e+000  3.5468409e+000  2.6452908e+000  4.0654698e+000  3.2793040e+000  3.4763704e+000  2.4837520e+000  2.7555211e+000
  2.0000000e+000  2.4339392e+000  2.0389385e+000  4.1593265e+000  1.9023048e+000  4.8579322e+000  3.4782049e+000  2.6754746e+000  4.3704881e+000  3.8018504e-001  2.9094846e+000
  2.0000000e+000  3.4145981e+000  3.4794402e+000  5.3352787e+000  1.0057024e+000  2.0017912e+000  1.6670447e+000  3.7832770e+000  2.4138336e+000  2.3909479e+000  3.6975066e+000
  2.0000000e+000  3.4917656e+000  3.4880185e+000  2.6056552e+000  1.3004614e+000  2.5952002e+000  1.6779512e+000  3.4431253e+000  2.3833625e+000  2.8264142e+000  2.9455290e+000
  1.0000000e+000  2.3877603e+000  3.6092904e+000  3.1693322e+000  3.1669084e+000  2.9828168e+000  2.0416157e+000  2.8080469e+000  2.6900380e+000  2.6668279e+000  2.4020222e+000
  2.0000000e+000  3.3087096e+000  1.7800457e+000  1.2257464e+000  4.0468540e+000  4.9626101e+000  3.5038723e+000  2.3035525e+000  2.6550369e+000  3.1102144e+000  4.1167756e+000
  2.0000000e+000  3.3818044e+000  4.2886614e+000  2.8240590e+000  2.6866565e+000  2.9963282e+000  2.5112655e+000  1.7273453e+000  3.0824179e+000  3.2659312e+000  2.8172830e+000
  2.0000000e+000  1.9728748e+000  2.5152476e+000  2.2678251e+000  3.5976799e+000  2.8853836e+000  3.0235657e+000  3.0523664e+000  3.5777945e+000  3.2124967e+000  4.6249196e+000
  2.0000000e+000  4.0091904e+000  4.3487934e+000  2.4819959e+000  2.4033578e+000  3.9382664e+000  2.5719093e+000  4.1618594e+000  1.9884734e+000  2.6850833e+000  3.2861383e+000
  2.0000000e+000  1.5485324e+000  3.7247614e+000  2.0330570e+000  3.8094987e+000  2.7694291e+000  2.1106044e+000  2.3725181e+000  3.3782200e+000  1.2241601e+000  3.7434426e+000
  2.0000000e+000  3.1818261e+000  4.5929540e+000  3.6738038e+000  4.1086242e+000  3.0375545e+000  3.6813755e+000  2.9005526e+000  1.0800842e+000  2.7330439e+000  3.5761414e+000
  2.0000000e+000  2.1078643e+000  1.9147872e+000  2.9411211e+000  2.9189583e+000  3.0471294e+000  4.0334686e+000  2.6191352e+000  4.6442685e+000  2.9993298e+000  2.5750195e+000
  2.0000000e+000  2.5056069e+000  3.8328964e+000  2.5903914e+000  1.0244297e+000  2.4176931e+000  2.5039206e+000  2.5081728e+000  1.6879390e+000  2.6835316e+000  1.8735854e+000
  1.0000000e+000  3.1712776e+000  3.5040034e+000  3.4786964e+000  3.1010452e+000  3.0098889e+000  1.7645185e+000  3.4214377e+000  1.6993352e+000  3.2051312e+000  3.2365133e+000
  1.0000000e+000  2.5730813e+000  3.5061029e+000  3.5487811e+000  2.8177425e+000  2.5204888e+000  3.6144463e+000  2.3324117e+000  4.2342498e+000  3.2839346e+000  3.1125893e+000
  1.0000000e+000  3.4381637e+000  2.2809408e+000  3.0309617e+000  3.5342130e+000  2.7199003e+000  1.1792161e+000  2.3820133e+000  2.4530139e+000  3.1594182e+000  3.5118326e+000
  2.0000000e+000  1.9587934e+000  2.9814978e+000  2.5171316e+000  2.3334238e+000  2.4328390e+000  4.6703581e+000  2.7632341e+000  3.2014905e+000  2.7650101e+000  4.0516635e+000
  2.0000000e+000  3.5950114e+000  3.7412749e+000  2.6751583e+000  3.8997047e+000  2.4779826e+000  3.8011984e+000  2.4200382e+000  3.9250025e+000  3.3496668e+000  2.6926952e+000
  1.0000000e+000  3.6740068e+000  2.5145994e+000  3.2197803e+000  3.2071229e+000  2.4263867e+000  2.5516919e+000  3.1957832e+000  1.0067536e+000  3.1596655e+000  1.9468126e+000
  2.0000000e+000  2.5351924e+000  1.6856170e+000  2.0605827e+000  3.5011601e+000  3.3107547e+000  1.0920000e-001  2.7195078e+000  1.5543079e+000  3.1701106e+000  1.8024123e+000
  2.0000000e+000  2.6267884e+000  3.9299290e+000  2.6544870e+000  2.8228277e+000  1.6998682e+000  4.7240313e+000  3.1735534e+000  1.3453999e+000  3.6018624e+000  3.7186243e+000
  2.0000000e+000  3.2478631e+000  1.8927048e+000  3.6461373e+000  2.0168911e+000  2.9945619e+000  1.6897790e+000  1.6721801e+000  3.6052791e+000  3.8318052e+000  3.9254647e+000
  2.0000000e+000  3.1513138e+000  2.0177362e+000  2.7811256e+000  3.7808144e+000  4.4927573e+000  2.5522458e+000  2.2782356e+000  3.3624643e+000  1.5994913e+000  2.9567185e+000
  2.0000000e+000  2.9407225e+000  1.9116312e+000  1.7879262e+000  2.8748355e+000  2.9614624e+000  2.8596263e+000  4.1307930e+000  2.8103204e+000  2.3785012e+000  1.1828510e+000
  2.0000000e+000  2.9193094e+000  2.1704147e+000  4.6184828e+000  4.1756033e+000  3.3128577e+000  3.1152888e+000  2.5382400e+000  4.1133370e+000  2.2690247e+000  3.1052659e+000
  2.0000000e+000  1.2965883e+000  2.6023369e+000  3.6596185e+000  1.5496069e+000  3.0693154e+000  2.2723804e+000  2.9691908e+000  2.7469350e+000  3.9614119e+000  3.6427313e+000
  2.0000000e+000  1.3120464e+000  3.3699192e+000  2.1901305e+000  3.5221668e+000  1.6073520e+000  3.2663331e+000  2.7694447e+000  9.1422407e-001  3.6744176e+000  3.2132386e+000
  2.0000000e+000  4.2637711e+000  2.4784571e+000  3.8927031e+000  2.1322808e+000  2.7948852e+000  3.2985283e+000  2.5996182e+000  2.3600083e+000  2.5824779e+000  2.5607249e+000
  2.0000000e+000  2.9104137e+000  3.2698372e+000  4.4453939e+000  2.1078445e+000  4.8325745e+000  4.2910656e+000  1.5464354e+000  3.2617044e+000  3.1798073e+000  3.6180406e+000
  2.0000000e+000  3.9932510e+000  3.3837977e+000  5.3608274e+000  3.0156247e+000  2.4594838e+000  3.3137445e+000  2.9853012e+000  1.3323810e+000  1.9271473e+000  1.5733362e+000
  2.0000000e+000  2.0022014e+000  3.7084997e+000  1.7234505e+000  2.9573284e+000  3.7047250e+000  2.0644368e+000  2.9181933e+000  3.6676126e+000  3.7537568e+000  2.1797931e+000
  2.0000000e+000  3.5454543e+000  2.9603496e+000  2.1228427e+000  2.7742161e+000  1.5033650e+000  4.2032634e+000  2.6535057e+000  3.5164171e+000  2.3936434e+000  2.9592621e+000
  2.0000000e+000  3.9939913e+000  3.1953620e+000  4.2496885e+000  3.5033269e+000  3.9923775e+000  2.5003985e+000  3.4570290e+000  3.3502122e+000  5.7280774e+000  3.7886705e+000
  1.0000000e+000  3.9385773e+000  3.6249001e+000  3.1364705e+000  2.9698590e+000  3.2313621e+000  4.2184835e+000  4.3379103e+000  3.7940469e+000  4.5344101e+000  4.5812343e+000
  2.0000000e+000  1.2612208e+000  2.3471058e+000  3.6498387e+000  8.1414674e-001  2.6505648e+000  2.5722688e+000  4.0832235e+000  4.1759812e+000  1.7916458e+000  2.2404271e+000
  2.0000000e+000  4.6321627e+000  3.9519475e+000  1.4374403e+000  3.8258320e+000  4.5557242e+000  2.1821905e+000  2.4158322e+000  3.1683065e+000  3.1566685e+000  3.7564907e+000
  2.0000000e+000  2.6448304e+000  3.4441273e+000  2.3359123e+000  2.3294802e+000  3.7956271e+000  4.3217600e+000  3.2095172e+000  2.4602870e+000  3.4113039e+000  4.8760694e+000
  2.0000000e+000  1.5990476e+000  4.8770101e+000  3.9075173e+000  3.8083156e+000  1.8006604e+000  3.1641960e+000  3.4350016e+000  1.1843158e+000  2.9455706e+000  4.9285284e+000
  2.0000000e+000  3.2228898e+000  3.5324992e+000  2.6000542e+000  2.9004120e+000  2.9759556e+000  2.0013410e+000  4.0078511e+000  2.6835468e+000  3.9585266e+000  1.6583002e+000
  2.0000000e+000  4.4891707e+000  2.7638812e+000  4.0336888e+000  4.4569139e-001  5.3839012e+000  2.1420590e+000  4.7003909e+000  4.0793769e+000  3.0866138e+000  3.8496310e+000
  1.0000000e+000  4.0598506e+000  1.7518048e+000  3.2096342e+000  2.1269583e+000  6.5227509e-001  2.9173411e+000  3.4484133e+000  1.5258957e+000  3.0760762e+000  2.0681155e+000
  2.0000000e+000  4.4742685e+000  2.9344956e+000  9.0900885e-001  2.8316299e+000  3.4190000e+000  3.4639054e+000  3.3727071e+000  2.5602983e+000  2.5397962e+000  4.5083315e+000
  2.0000000e+000  4.1485067e+000  4.1554914e+000  2.0229471e+000  4.4089742e+000  2.1433537e+000  2.5272449e+000  2.9266502e+000  4.0547248e+000  2.3679615e+000  3.4666609e+000
  2.0000000e+000  8.6374117e-001  1.6292061e+000  4.9047657e+000  3.5116609e+000  1.3736027e+000  3.3234267e+000  2.3649780e+000  3.3791454e+000  1.6508973e+000  3.7762800e+000
  2.0000000e+000  3.0751436e+000  5.4227439e+000  4.4156795e+000  3.5823396e+000  2.0830615e+000  1.9243844e+000  2.4950196e+000  3.5108270e+000  1.9630207e+000  3.2867389e+000
  2.0000000e+000  3.8634756e+000  3.9904507e+000  2.6382251e+000  2.6770397e+000  2.6310912e+000  2.5939140e+000  2.8974668e+000  3.1200169e+000  4.9108077e+000  1.1238818e+000
  2.0000000e+000  1.5508637e+000  4.0455084e+000  2.1330091e+000  3.1560690e+000  2.6671737e+000  4.1819978e+000  3.2609222e+000  1.7433411e+000  2.5066188e+000  2.2920502e+000
  1.0000000e+000  3.0474460e+000  1.6230763e+000  3.3711004e+000  2.5942318e+000  3.0472782e+000  3.2247287e+000  3.4258412e+000  3.4882134e+000  3.1134746e+000  2.6641114e+000
